0 548 1 2 3 4 5 6 7 8 9 10 11 12 13 14 15 16 17 18 19 20 21 22 23 24 25 26 27 28 29 30 31 32 33 34 35 36 37 38 39 40 41 42 43 44 45 46 47 48 49 50 51 52 53 54 55 56 57 58 59 60 61 62 63 64 65 66 67 68 69 70 71 72 73 74 75 76 77 78 79 80 81 82 83 84 85 86 87 88 89 90 91 92 93 94 95 96 97 98 99 100 101 102 103 104 105 106 107 108 109 110 111 112 113 114 115 116 117 118 119 120 121 122 123 124 125 126 127 128 129 130 131 132 133 134 135 136 137 138 139 140 141 142 143 144 145 146 147 148 149 150 151 152 153 154 155 156 157 158 159 160 161 169 170 171 172 173 174 175 176 177 178 179 180 181 182 183 184 185 186 205 206 207 208 209 210 211 212 213 214 215 216 235 236 237 238 239 240 241 242 243 244 245 246 265 266 267 268 269 270 271 272 273 274 275 276 295 296 297 298 299 300 301 302 303 304 305 306 325 326 327 328 329 330 331 332 333 334 335 336 356 357 358 359 360 361 362 363 364 365 386 387 388 389 390 391 392 393 394 395 416 417 418 419 420 421 422 423 424 425 446 447 448 449 450 451 452 453 454 455 476 477 478 479 480 481 482 483 484 485 506 507 508 509 510 511 512 513 514 515 536 537 538 539 540 541 542 543 544 545 565 566 567 568 569 570 571 572 573 574 575 576 595 596 597 598 599 600 601 602 603 604 605 606 625 626 627 628 629 630 631 632 633 634 635 636 655 656 657 658 659 660 661 662 663 664 665 666 685 686 687 688 689 690 691 692 693 694 695 696 715 716 717 718 719 720 721 722 723 724 725 726 727 728 729 730 731 732 740 741 742 743 744 745 746 747 748 749 750 751 752 753 754 755 756 757 758 759 760 761 762 763 764 765 766 767 768 769 770 771 772 773 774 775 776 777 778 779 780 781 782 783 784 785 786 787 788 789 790 791 792 793 794 795 796 797 798 799 800 801 802 803 804 805 806 807 808 809 810 811 812 813 814 815 816 817 818 819 820 821 822 823 824 825 826 827 828 829 830 831 832 833 834 835 836 837 838 839 840 841 842 843 844 845 846 847 848 849 850 851 852 853 854 855 856 857 858 859 860 861 862 863 864 865 866 867 868 869 870 871 872 873 874 875 876 877 878 879 880 881 882 883 884 885 886 887 888 889 890 891 892 893 894 895 896 897 898 899 900
1 137 1001 1002 1003 1004 1005 1006 1007 1008 1027 1028 1029 1030 1031 1032 1033 1034 1035 1036 1037 1038 1039 1040 1063 1064 1065 1066 1067 1068 1069 1070 1071 1072 1073 1098 1099 1100 1101 1102 1103 1104 1105 1106 1133 1134 1135 1136 1137 1138 1139 1168 1169 1170 1171 1172 1203 1204 1205 1238 1239 1272 1526 1527 1528 1529 1560 1563 1594 1597 1628 1629 1630 1631 1801 1834 1835 1836 1869 1885 1918 1919 1952 1953 1954 1985 1986 1987 1988 1989 2018 2019 2020 2021 2022 2023 2024 2051 2052 2053 2054 2055 2056 2057 2058 2059 2084 2085 2086 2087 2088 2089 2090 2091 2092 2093 2094 2117 2118 2119 2120 2121 2122 2123 2124 2125 2126 2127 2128 2129 2130 2149 2150 2151 2152 2153 2154 2155 2156
2 1 162
3 1 163
4 1 164
5 1 165
6 1 166
7 1 167
8 1 168
9 1 355
10 1 366
11 1 385
12 1 396
13 1 415
14 1 426
15 1 445
16 1 456
17 1 475
18 1 486
19 1 505
20 1 516
21 1 535
22 1 546
23 1 733
24 1 734
25 1 735
26 1 736
27 1 737
28 1 738
29 1 739
30 1 1009
31 1 1010
32 1 1011
33 1 1012
34 1 1013
35 1 1014
36 1 1015
37 1 1016
38 1 1017
39 1 1018
40 1 1019
41 1 1020
42 1 1021
43 1 1022
44 1 1023
45 1 1024
46 1 1025
47 1 1026
48 1 1041
49 1 1042
50 1 1043
51 1 1044
52 1 1045
53 1 1046
54 1 1047
55 1 1048
56 1 1049
57 1 1050
58 1 1051
59 1 1052
60 1 1053
61 1 1054
62 1 1055
63 1 1056
64 1 1057
65 1 1058
66 1 1059
67 1 1060
68 1 1061
69 1 1062
70 1 1074
71 1 1075
72 1 1076
73 1 1077
74 1 1078
75 1 1079
76 1 1080
77 1 1081
78 1 1082
79 1 1083
80 1 1084
81 1 1085
82 1 1086
83 1 1087
84 1 1088
85 1 1089
86 1 1090
87 1 1091
88 1 1092
89 1 1093
90 1 1094
91 1 1095
92 1 1096
93 1 1097
94 1 1107
95 1 1108
96 1 1109
97 1 1110
98 1 1111
99 1 1112
100 1 1113
101 1 1114
102 1 1115
103 1 1116
104 1 1117
105 1 1118
106 1 1119
107 1 1120
108 1 1121
109 1 1122
110 1 1123
111 1 1124
112 1 1125
113 1 1126
114 1 1127
115 1 1128
116 1 1129
117 1 1130
118 1 1131
119 1 1132
120 1 1140
121 1 1141
122 1 1142
123 1 1143
124 1 1144
125 1 1145
126 1 1146
127 1 1147
128 1 1148
129 1 1149
130 1 1150
131 1 1151
132 1 1152
133 1 1153
134 1 1154
135 1 1155
136 1 1156
137 1 1157
138 1 1158
139 1 1159
140 1 1160
141 1 1161
142 1 1162
143 1 1163
144 1 1164
145 1 1165
146 1 1166
147 1 1167
148 1 1173
149 1 1174
150 1 1175
151 1 1176
152 1 1177
153 1 1178
154 1 1179
155 1 1180
156 1 1181
157 1 1182
158 1 1183
159 1 1184
160 1 1185
161 1 1186
162 1 1187
163 1 1188
164 1 1189
165 1 1190
166 1 1191
167 1 1192
168 1 1193
169 1 1194
170 1 1195
171 1 1196
172 1 1197
173 1 1198
174 1 1199
175 1 1200
176 1 1201
177 1 1202
178 1 1206
179 1 1207
180 1 1208
181 1 1209
182 1 1210
183 1 1211
184 1 1212
185 1 1213
186 1 1214
187 1 1215
188 1 1216
189 1 1217
190 1 1218
191 1 1219
192 1 1220
193 1 1221
194 1 1222
195 1 1223
196 1 1224
197 1 1225
198 1 1226
199 1 1227
200 1 1228
201 1 1229
202 1 1230
203 1 1231
204 1 1232
205 1 1233
206 1 1234
207 1 1235
208 1 1236
209 1 1237
210 1 1240
211 1 1241
212 1 1242
213 1 1243
214 1 1244
215 1 1245
216 1 1246
217 1 1247
218 1 1248
219 1 1249
220 1 1250
221 1 1251
222 1 1252
223 1 1253
224 1 1254
225 1 1255
226 1 1256
227 1 1257
228 1 1258
229 1 1259
230 1 1260
231 1 1261
232 1 1262
233 1 1263
234 1 1264
235 1 1265
236 1 1266
237 1 1267
238 1 1268
239 1 1269
240 1 1270
241 1 1271
242 1 1273
243 1 1274
244 1 1275
245 1 1276
246 1 1277
247 1 1278
248 1 1279
249 1 1280
250 1 1281
251 1 1282
252 1 1283
253 1 1284
254 1 1285
255 1 1286
256 1 1287
257 1 1288
258 1 1289
259 1 1290
260 1 1291
261 1 1292
262 1 1293
263 1 1294
264 1 1295
265 1 1296
266 1 1297
267 1 1298
268 1 1299
269 1 1300
270 1 1301
271 1 1302
272 1 1303
273 1 1304
274 1 1305
275 1 1306
276 1 1307
277 1 1308
278 1 1309
279 1 1310
280 1 1311
281 1 1312
282 1 1313
283 1 1314
284 1 1315
285 1 1316
286 1 1317
287 1 1318
288 1 1319
289 1 1320
290 1 1321
291 1 1322
292 1 1323
293 1 1324
294 1 1325
295 1 1326
296 1 1327
297 1 1328
298 1 1329
299 1 1330
300 1 1331
301 1 1332
302 1 1333
303 1 1334
304 1 1335
305 1 1336
306 1 1337
307 1 1338
308 1 1339
309 1 1340
310 1 1341
311 1 1342
312 1 1343
313 1 1344
314 1 1345
315 1 1346
316 1 1347
317 1 1348
318 1 1349
319 1 1350
320 1 1351
321 1 1352
322 1 1353
323 1 1354
324 1 1355
325 1 1356
326 1 1357
327 1 1358
328 1 1359
329 1 1360
330 1 1361
331 1 1362
332 1 1363
333 1 1364
334 1 1365
335 1 1366
336 1 1367
337 1 1368
338 1 1369
339 1 1370
340 1 1371
341 1 1372
342 1 1373
343 1 1374
344 1 1375
345 1 1376
346 1 1377
347 1 1378
348 1 1379
349 1 1380
350 1 1381
351 1 1382
352 1 1383
353 1 1384
354 1 1385
355 1 1386
356 1 1387
357 1 1388
358 1 1389
359 1 1390
360 1 1391
361 1 1392
362 1 1393
363 1 1394
364 1 1395
365 1 1396
366 1 1397
367 1 1398
368 1 1399
369 1 1400
370 1 1401
371 1 1402
372 1 1403
373 1 1404
374 1 1405
375 1 1406
376 1 1407
377 1 1408
378 1 1409
379 1 1410
380 1 1411
381 1 1412
382 1 1413
383 1 1414
384 1 1415
385 1 1416
386 1 1417
387 1 1418
388 1 1419
389 1 1420
390 1 1421
391 1 1422
392 1 1423
393 1 1424
394 1 1425
395 1 1426
396 1 1427
397 1 1428
398 1 1429
399 1 1430
400 1 1431
401 1 1432
402 1 1433
403 1 1434
404 1 1435
405 1 1436
406 1 1437
407 1 1438
408 1 1439
409 1 1440
410 1 1441
411 1 1442
412 1 1443
413 1 1444
414 1 1445
415 1 1446
416 1 1447
417 1 1448
418 1 1449
419 1 1450
420 1 1451
421 1 1452
422 1 1453
423 1 1454
424 1 1455
425 1 1456
426 1 1457
427 1 1458
428 1 1459
429 1 1460
430 1 1461
431 1 1462
432 1 1463
433 1 1464
434 1 1465
435 1 1466
436 1 1467
437 1 1468
438 1 1469
439 1 1470
440 1 1471
441 1 1472
442 1 1473
443 1 1474
444 1 1475
445 1 1476
446 1 1477
447 1 1478
448 1 1479
449 1 1480
450 1 1481
451 1 1482
452 1 1483
453 1 1484
454 1 1485
455 1 1486
456 1 1487
457 1 1488
458 1 1489
459 1 1490
460 1 1491
461 1 1492
462 1 1493
463 1 1494
464 1 1495
465 1 1496
466 1 1497
467 1 1498
468 1 1499
469 1 1500
470 1 1501
471 1 1502
472 1 1503
473 1 1504
474 1 1505
475 1 1506
476 1 1507
477 1 1508
478 1 1509
479 1 1510
480 1 1511
481 1 1512
482 1 1513
483 1 1514
484 1 1515
485 1 1516
486 1 1517
487 1 1518
488 1 1519
489 1 1520
490 1 1521
491 1 1522
492 1 1523
493 1 1524
494 1 1525
495 1 1530
496 1 1531
497 1 1532
498 1 1533
499 1 1534
500 1 1535
501 1 1536
502 1 1537
503 1 1538
504 1 1539
505 1 1540
506 1 1541
507 1 1542
508 1 1543
509 1 1544
510 1 1545
511 1 1546
512 1 1547
513 1 1548
514 1 1549
515 1 1550
516 1 1551
517 1 1552
518 1 1553
519 1 1554
520 1 1555
521 1 1556
522 1 1557
523 1 1558
524 1 1559
525 1 1564
526 1 1565
527 1 1566
528 1 1567
529 1 1568
530 1 1569
531 1 1570
532 1 1571
533 1 1572
534 1 1573
535 1 1574
536 1 1575
537 1 1576
538 1 1577
539 1 1578
540 1 1579
541 1 1580
542 1 1581
543 1 1582
544 1 1583
545 1 1584
546 1 1585
547 1 1586
548 1 1587
549 1 1588
550 1 1589
551 1 1590
552 1 1591
553 1 1592
554 1 1593
555 1 1598
556 1 1599
557 1 1600
558 1 1601
559 1 1602
560 1 1603
561 1 1604
562 1 1605
563 1 1606
564 1 1607
565 1 1608
566 1 1609
567 1 1610
568 1 1611
569 1 1612
570 1 1613
571 1 1614
572 1 1615
573 1 1616
574 1 1617
575 1 1618
576 1 1619
577 1 1620
578 1 1621
579 1 1622
580 1 1623
581 1 1624
582 1 1625
583 1 1626
584 1 1627
585 1 1632
586 1 1633
587 1 1634
588 1 1635
589 1 1636
590 1 1637
591 1 1638
592 1 1639
593 1 1640
594 1 1641
595 1 1642
596 1 1643
597 1 1644
598 1 1645
599 1 1646
600 1 1647
601 1 1648
602 1 1649
603 1 1650
604 1 1651
605 1 1652
606 1 1653
607 1 1654
608 1 1655
609 1 1656
610 1 1657
611 1 1658
612 1 1659
613 1 1660
614 1 1661
615 1 1662
616 1 1663
617 1 1664
618 1 1665
619 1 1666
620 1 1667
621 1 1668
622 1 1669
623 1 1670
624 1 1671
625 1 1672
626 1 1673
627 1 1674
628 1 1675
629 1 1676
630 1 1677
631 1 1678
632 1 1679
633 1 1680
634 1 1681
635 1 1682
636 1 1683
637 1 1684
638 1 1685
639 1 1686
640 1 1687
641 1 1688
642 1 1689
643 1 1690
644 1 1691
645 1 1692
646 1 1693
647 1 1694
648 1 1695
649 1 1696
650 1 1697
651 1 1698
652 1 1699
653 1 1700
654 1 1701
655 1 1702
656 1 1703
657 1 1704
658 1 1705
659 1 1706
660 1 1707
661 1 1708
662 1 1709
663 1 1710
664 1 1711
665 1 1712
666 1 1713
667 1 1714
668 1 1715
669 1 1716
670 1 1717
671 1 1718
672 1 1719
673 1 1720
674 1 1721
675 1 1722
676 1 1723
677 1 1724
678 1 1725
679 1 1726
680 1 1727
681 1 1728
682 1 1729
683 1 1730
684 1 1731
685 1 1732
686 1 1733
687 1 1734
688 1 1735
689 1 1736
690 1 1737
691 1 1738
692 1 1739
693 1 1740
694 1 1741
695 1 1742
696 1 1743
697 1 1744
698 1 1745
699 1 1746
700 1 1747
701 1 1748
702 1 1749
703 1 1750
704 1 1751
705 1 1752
706 1 1753
707 1 1754
708 1 1755
709 1 1756
710 1 1757
711 1 1758
712 1 1759
713 1 1760
714 1 1761
715 1 1762
716 1 1763
717 1 1764
718 1 1765
719 1 1766
720 1 1767
721 1 1768
722 1 1769
723 1 1770
724 1 1771
725 1 1772
726 1 1773
727 1 1774
728 1 1775
729 1 1776
730 1 1777
731 1 1778
732 1 1779
733 1 1780
734 1 1781
735 1 1782
736 1 1783
737 1 1784
738 1 1785
739 1 1786
740 1 1787
741 1 1788
742 1 1789
743 1 1790
744 1 1791
745 1 1792
746 1 1793
747 1 1794
748 1 1795
749 1 1796
750 1 1797
751 1 1798
752 1 1799
753 1 1800
754 1 1802
755 1 1803
756 1 1804
757 1 1805
758 1 1806
759 1 1807
760 1 1808
761 1 1809
762 1 1810
763 1 1811
764 1 1812
765 1 1813
766 1 1814
767 1 1815
768 1 1816
769 1 1817
770 1 1818
771 1 1819
772 1 1820
773 1 1821
774 1 1822
775 1 1823
776 1 1824
777 1 1825
778 1 1826
779 1 1827
780 1 1828
781 1 1829
782 1 1830
783 1 1831
784 1 1832
785 1 1833
786 1 1837
787 1 1838
788 1 1839
789 1 1840
790 1 1841
791 1 1842
792 1 1843
793 1 1844
794 1 1845
795 1 1846
796 1 1847
797 1 1848
798 1 1849
799 1 1850
800 1 1851
801 1 1852
802 1 1853
803 1 1854
804 1 1855
805 1 1856
806 1 1857
807 1 1858
808 1 1859
809 1 1860
810 1 1861
811 1 1862
812 1 1863
813 1 1864
814 1 1865
815 1 1866
816 1 1867
817 1 1868
818 1 1870
819 1 1871
820 1 1872
821 1 1873
822 1 1874
823 1 1875
824 1 1876
825 1 1877
826 1 1878
827 1 1879
828 1 1880
829 1 1881
830 1 1882
831 1 1883
832 1 1884
833 1 1886
834 1 1887
835 1 1888
836 1 1889
837 1 1890
838 1 1891
839 1 1892
840 1 1893
841 1 1894
842 1 1895
843 1 1896
844 1 1897
845 1 1898
846 1 1899
847 1 1900
848 1 1901
849 1 1902
850 1 1903
851 1 1904
852 1 1905
853 1 1906
854 1 1907
855 1 1908
856 1 1909
857 1 1910
858 1 1911
859 1 1912
860 1 1913
861 1 1914
862 1 1915
863 1 1916
864 1 1917
865 1 1920
866 1 1921
867 1 1922
868 1 1923
869 1 1924
870 1 1925
871 1 1926
872 1 1927
873 1 1928
874 1 1929
875 1 1930
876 1 1931
877 1 1932
878 1 1933
879 1 1934
880 1 1935
881 1 1936
882 1 1937
883 1 1938
884 1 1939
885 1 1940
886 1 1941
887 1 1942
888 1 1943
889 1 1944
890 1 1945
891 1 1946
892 1 1947
893 1 1948
894 1 1949
895 1 1950
896 1 1951
897 1 1955
898 1 1956
899 1 1957
900 1 1958
901 1 1959
902 1 1960
903 1 1961
904 1 1962
905 1 1963
906 1 1964
907 1 1965
908 1 1966
909 1 1967
910 1 1968
911 1 1969
912 1 1970
913 1 1971
914 1 1972
915 1 1973
916 1 1974
917 1 1975
918 1 1976
919 1 1977
920 1 1978
921 1 1979
922 1 1980
923 1 1981
924 1 1982
925 1 1983
926 1 1984
927 1 1990
928 1 1991
929 1 1992
930 1 1993
931 1 1994
932 1 1995
933 1 1996
934 1 1997
935 1 1998
936 1 1999
937 1 2000
938 1 2001
939 1 2002
940 1 2003
941 1 2004
942 1 2005
943 1 2006
944 1 2007
945 1 2008
946 1 2009
947 1 2010
948 1 2011
949 1 2012
950 1 2013
951 1 2014
952 1 2015
953 1 2016
954 1 2017
955 1 2025
956 1 2026
957 1 2027
958 1 2028
959 1 2029
960 1 2030
961 1 2031
962 1 2032
963 1 2033
964 1 2034
965 1 2035
966 1 2036
967 1 2037
968 1 2038
969 1 2039
970 1 2040
971 1 2041
972 1 2042
973 1 2043
974 1 2044
975 1 2045
976 1 2046
977 1 2047
978 1 2048
979 1 2049
980 1 2050
981 1 2060
982 1 2061
983 1 2062
984 1 2063
985 1 2064
986 1 2065
987 1 2066
988 1 2067
989 1 2068
990 1 2069
991 1 2070
992 1 2071
993 1 2072
994 1 2073
995 1 2074
996 1 2075
997 1 2076
998 1 2077
999 1 2078
1000 1 2079
1001 1 2080
1002 1 2081
1003 1 2082
1004 1 2083
1005 1 2095
1006 1 2096
1007 1 2097
1008 1 2098
1009 1 2099
1010 1 2100
1011 1 2101
1012 1 2102
1013 1 2103
1014 1 2104
1015 1 2105
1016 1 2106
1017 1 2107
1018 1 2108
1019 1 2109
1020 1 2110
1021 1 2111
1022 1 2112
1023 1 2113
1024 1 2114
1025 1 2115
1026 1 2116
1027 1 2131
1028 1 2132
1029 1 2133
1030 1 2134
1031 1 2135
1032 1 2136
1033 1 2137
1034 1 2138
1035 1 2139
1036 1 2140
1037 1 2141
1038 1 2142
1039 1 2143
1040 1 2144
1041 1 2145
1042 1 2146
1043 1 2147
1044 1 2148
