0 576 1 2 3 4 5 6 7 8 9 10 11 12 13 14 15 16 17 18 19 20 21 22 23 24 25 26 27 28 29 30 31 32 33 34 35 36 37 38 39 40 41 42 43 44 45 46 47 48 49 50 51 52 53 54 55 56 57 58 59 60 61 62 63 64 65 66 67 68 69 70 71 72 73 74 75 76 77 78 79 80 81 82 83 84 85 86 87 88 89 90 91 92 93 94 95 96 97 98 99 100 101 102 103 104 105 106 107 108 109 110 111 112 113 114 115 116 117 118 119 120 121 122 123 124 125 126 127 128 129 130 131 132 133 134 135 136 137 138 139 140 141 142 143 144 145 146 147 148 149 150 151 152 153 154 155 156 157 158 159 160 161 162 163 164 165 166 167 168 169 170 171 172 173 174 175 176 177 178 179 180 181 182 183 184 185 186 205 206 207 208 209 210 211 212 213 214 215 216 235 236 237 238 239 240 241 242 243 244 245 246 265 266 267 268 269 270 271 272 273 274 275 276 295 296 297 298 299 300 301 302 303 304 305 306 325 326 327 328 329 330 331 332 333 334 335 336 355 356 357 358 359 360 361 362 363 364 365 366 385 386 387 388 389 390 391 392 393 394 395 396 415 416 417 418 419 420 421 422 423 424 425 426 445 446 447 448 449 450 451 452 453 454 455 456 475 476 477 478 479 480 481 482 483 484 485 486 505 506 507 508 509 510 511 512 513 514 515 516 535 536 537 538 539 540 541 542 543 544 545 546 565 566 567 568 569 570 571 572 573 574 575 576 595 596 597 598 599 600 601 602 603 604 605 606 625 626 627 628 629 630 631 632 633 634 635 636 655 656 657 658 659 660 661 662 663 664 665 666 685 686 687 688 689 690 691 692 693 694 695 696 715 716 717 718 719 720 721 722 723 724 725 726 727 728 729 730 731 732 733 734 735 736 737 738 739 740 741 742 743 744 745 746 747 748 749 750 751 752 753 754 755 756 757 758 759 760 761 762 763 764 765 766 767 768 769 770 771 772 773 774 775 776 777 778 779 780 781 782 783 784 785 786 787 788 789 790 791 792 793 794 795 796 797 798 799 800 801 802 803 804 805 806 807 808 809 810 811 812 813 814 815 816 817 818 819 820 821 822 823 824 825 826 827 828 829 830 831 832 833 834 835 836 837 838 839 840 841 842 843 844 845 846 847 848 849 850 851 852 853 854 855 856 857 858 859 860 861 862 863 864 865 866 867 868 869 870 871 872 873 874 875 876 877 878 879 880 881 882 883 884 885 886 887 888 889 890 891 892 893 894 895 896 897 898 899 900 
1 705 1001 1002 1003 1004 1005 1006 1007 1008 1009 1010 1011 1012 1013 1014 1015 1016 1017 1018 1019 1020 1021 1022 1023 1024 1025 1026 1027 1028 1029 1030 1031 1032 1033 1034 1035 1036 1037 1038 1039 1040 1041 1042 1043 1044 1045 1046 1047 1048 1049 1050 1051 1052 1053 1054 1055 1056 1057 1058 1059 1060 1061 1062 1063 1064 1065 1066 1067 1068 1069 1070 1071 1072 1073 1074 1075 1076 1077 1078 1079 1080 1081 1082 1083 1084 1085 1086 1087 1088 1089 1090 1091 1092 1093 1094 1095 1096 1097 1098 1099 1100 1101 1102 1103 1104 1105 1106 1107 1108 1109 1110 1111 1112 1113 1114 1115 1116 1117 1118 1119 1120 1121 1122 1123 1124 1125 1126 1127 1128 1129 1130 1131 1132 1133 1134 1135 1136 1137 1138 1139 1140 1141 1142 1143 1144 1145 1146 1147 1148 1149 1150 1151 1152 1153 1154 1155 1156 1157 1158 1159 1160 1161 1162 1163 1164 1165 1166 1167 1168 1169 1170 1171 1172 1173 1174 1175 1176 1177 1178 1179 1180 1181 1182 1183 1192 1193 1194 1195 1196 1197 1198 1199 1200 1201 1202 1203 1204 1205 1206 1207 1208 1209 1210 1211 1212 1213 1214 1215 1228 1229 1230 1231 1232 1233 1234 1235 1236 1237 1238 1239 1240 1241 1242 1243 1244 1245 1246 1247 1264 1265 1266 1267 1268 1269 1270 1271 1272 1273 1274 1275 1276 1277 1278 1279 1280 1299 1300 1301 1302 1303 1304 1305 1306 1307 1308 1309 1310 1311 1312 1313 1334 1335 1336 1337 1338 1339 1340 1341 1342 1343 1344 1345 1346 1347 1368 1369 1370 1371 1372 1373 1374 1375 1376 1377 1378 1379 1380 1403 1404 1405 1406 1407 1408 1409 1410 1411 1412 1413 1414 1437 1438 1439 1440 1441 1442 1443 1444 1445 1446 1447 1472 1473 1474 1475 1476 1477 1478 1479 1480 1481 1506 1507 1508 1509 1510 1511 1512 1513 1514 1515 1526 1527 1528 1529 1540 1541 1542 1543 1544 1545 1546 1547 1548 1549 1560 1563 1574 1575 1576 1577 1578 1579 1580 1581 1582 1583 1594 1597 1608 1609 1610 1611 1612 1613 1614 1615 1616 1617 1628 1629 1630 1631 1642 1643 1644 1645 1646 1647 1648 1649 1650 1651 1676 1677 1678 1679 1680 1681 1682 1683 1684 1685 1710 1711 1712 1713 1714 1715 1716 1717 1718 1719 1720 1743 1744 1745 1746 1747 1748 1749 1750 1751 1752 1753 1754 1777 1778 1779 1780 1781 1782 1783 1784 1785 1786 1787 1788 1789 1801 1810 1811 1812 1813 1814 1815 1816 1817 1818 1819 1820 1821 1822 1823 1834 1835 1836 1844 1845 1846 1847 1848 1849 1850 1851 1852 1853 1854 1855 1856 1857 1858 1869 1877 1878 1879 1880 1881 1882 1883 1884 1885 1886 1887 1888 1889 1890 1891 1892 1893 1910 1911 1912 1913 1914 1915 1916 1917 1918 1919 1920 1921 1922 1923 1924 1925 1926 1927 1928 1929 1942 1943 1944 1945 1946 1947 1948 1949 1950 1951 1952 1953 1954 1955 1956 1957 1958 1959 1960 1961 1962 1963 1964 1965 1974 1975 1976 1977 1978 1979 1980 1981 1982 1983 1984 1985 1986 1987 1988 1989 1990 1991 1992 1993 1994 1995 1996 1997 1998 1999 2000 2001 2002 2003 2004 2005 2006 2007 2008 2009 2010 2011 2012 2013 2014 2015 2016 2017 2018 2019 2020 2021 2022 2023 2024 2025 2026 2027 2028 2029 2030 2031 2032 2033 2034 2035 2036 2037 2038 2039 2040 2041 2042 2043 2044 2045 2046 2047 2048 2049 2050 2051 2052 2053 2054 2055 2056 2057 2058 2059 2060 2061 2062 2063 2064 2065 2066 2067 2068 2069 2070 2071 2072 2073 2074 2075 2076 2077 2078 2079 2080 2081 2082 2083 2084 2085 2086 2087 2088 2089 2090 2091 2092 2093 2094 2095 2096 2097 2098 2099 2100 2101 2102 2103 2104 2105 2106 2107 2108 2109 2110 2111 2112 2113 2114 2115 2116 2117 2118 2119 2120 2121 2122 2123 2124 2125 2126 2127 2128 2129 2130 2131 2132 2133 2134 2135 2136 2137 2138 2139 2140 2141 2142 2143 2144 2145 2146 2147 2148 2149 2150 2151 2152 2153 2154 2155 2156 
2 1 1184
3 1 1185
4 1 1186
5 1 1187
6 1 1188
7 1 1189
8 1 1190
9 1 1191
10 1 1216
11 1 1217
12 1 1218
13 1 1219
14 1 1220
15 1 1221
16 1 1222
17 1 1223
18 1 1224
19 1 1225
20 1 1226
21 1 1227
22 1 1248
23 1 1249
24 1 1250
25 1 1251
26 1 1252
27 1 1253
28 1 1254
29 1 1255
30 1 1256
31 1 1257
32 1 1258
33 1 1259
34 1 1260
35 1 1261
36 1 1262
37 1 1263
38 1 1281
39 1 1282
40 1 1283
41 1 1284
42 1 1285
43 1 1286
44 1 1287
45 1 1288
46 1 1289
47 1 1290
48 1 1291
49 1 1292
50 1 1293
51 1 1294
52 1 1295
53 1 1296
54 1 1297
55 1 1298
56 1 1314
57 1 1315
58 1 1316
59 1 1317
60 1 1318
61 1 1319
62 1 1320
63 1 1321
64 1 1322
65 1 1323
66 1 1324
67 1 1325
68 1 1326
69 1 1327
70 1 1328
71 1 1329
72 1 1330
73 1 1331
74 1 1332
75 1 1333
76 1 1348
77 1 1349
78 1 1350
79 1 1351
80 1 1352
81 1 1353
82 1 1354
83 1 1355
84 1 1356
85 1 1357
86 1 1358
87 1 1359
88 1 1360
89 1 1361
90 1 1362
91 1 1363
92 1 1364
93 1 1365
94 1 1366
95 1 1367
96 1 1381
97 1 1382
98 1 1383
99 1 1384
100 1 1385
101 1 1386
102 1 1387
103 1 1388
104 1 1389
105 1 1390
106 1 1391
107 1 1392
108 1 1393
109 1 1394
110 1 1395
111 1 1396
112 1 1397
113 1 1398
114 1 1399
115 1 1400
116 1 1401
117 1 1402
118 1 1415
119 1 1416
120 1 1417
121 1 1418
122 1 1419
123 1 1420
124 1 1421
125 1 1422
126 1 1423
127 1 1424
128 1 1425
129 1 1426
130 1 1427
131 1 1428
132 1 1429
133 1 1430
134 1 1431
135 1 1432
136 1 1433
137 1 1434
138 1 1435
139 1 1436
140 1 1448
141 1 1449
142 1 1450
143 1 1451
144 1 1452
145 1 1453
146 1 1454
147 1 1455
148 1 1456
149 1 1457
150 1 1458
151 1 1459
152 1 1460
153 1 1461
154 1 1462
155 1 1463
156 1 1464
157 1 1465
158 1 1466
159 1 1467
160 1 1468
161 1 1469
162 1 1470
163 1 1471
164 1 1482
165 1 1483
166 1 1484
167 1 1485
168 1 1486
169 1 1487
170 1 1488
171 1 1489
172 1 1490
173 1 1491
174 1 1492
175 1 1493
176 1 1494
177 1 1495
178 1 1496
179 1 1497
180 1 1498
181 1 1499
182 1 1500
183 1 1501
184 1 1502
185 1 1503
186 1 1504
187 1 1505
188 1 1516
189 1 1517
190 1 1518
191 1 1519
192 1 1520
193 1 1521
194 1 1522
195 1 1523
196 1 1524
197 1 1525
198 1 1530
199 1 1531
200 1 1532
201 1 1533
202 1 1534
203 1 1535
204 1 1536
205 1 1537
206 1 1538
207 1 1539
208 1 1550
209 1 1551
210 1 1552
211 1 1553
212 1 1554
213 1 1555
214 1 1556
215 1 1557
216 1 1558
217 1 1559
218 1 1564
219 1 1565
220 1 1566
221 1 1567
222 1 1568
223 1 1569
224 1 1570
225 1 1571
226 1 1572
227 1 1573
228 1 1584
229 1 1585
230 1 1586
231 1 1587
232 1 1588
233 1 1589
234 1 1590
235 1 1591
236 1 1592
237 1 1593
238 1 1598
239 1 1599
240 1 1600
241 1 1601
242 1 1602
243 1 1603
244 1 1604
245 1 1605
246 1 1606
247 1 1607
248 1 1618
249 1 1619
250 1 1620
251 1 1621
252 1 1622
253 1 1623
254 1 1624
255 1 1625
256 1 1626
257 1 1627
258 1 1632
259 1 1633
260 1 1634
261 1 1635
262 1 1636
263 1 1637
264 1 1638
265 1 1639
266 1 1640
267 1 1641
268 1 1652
269 1 1653
270 1 1654
271 1 1655
272 1 1656
273 1 1657
274 1 1658
275 1 1659
276 1 1660
277 1 1661
278 1 1662
279 1 1663
280 1 1664
281 1 1665
282 1 1666
283 1 1667
284 1 1668
285 1 1669
286 1 1670
287 1 1671
288 1 1672
289 1 1673
290 1 1674
291 1 1675
292 1 1686
293 1 1687
294 1 1688
295 1 1689
296 1 1690
297 1 1691
298 1 1692
299 1 1693
300 1 1694
301 1 1695
302 1 1696
303 1 1697
304 1 1698
305 1 1699
306 1 1700
307 1 1701
308 1 1702
309 1 1703
310 1 1704
311 1 1705
312 1 1706
313 1 1707
314 1 1708
315 1 1709
316 1 1721
317 1 1722
318 1 1723
319 1 1724
320 1 1725
321 1 1726
322 1 1727
323 1 1728
324 1 1729
325 1 1730
326 1 1731
327 1 1732
328 1 1733
329 1 1734
330 1 1735
331 1 1736
332 1 1737
333 1 1738
334 1 1739
335 1 1740
336 1 1741
337 1 1742
338 1 1755
339 1 1756
340 1 1757
341 1 1758
342 1 1759
343 1 1760
344 1 1761
345 1 1762
346 1 1763
347 1 1764
348 1 1765
349 1 1766
350 1 1767
351 1 1768
352 1 1769
353 1 1770
354 1 1771
355 1 1772
356 1 1773
357 1 1774
358 1 1775
359 1 1776
360 1 1790
361 1 1791
362 1 1792
363 1 1793
364 1 1794
365 1 1795
366 1 1796
367 1 1797
368 1 1798
369 1 1799
370 1 1800
371 1 1802
372 1 1803
373 1 1804
374 1 1805
375 1 1806
376 1 1807
377 1 1808
378 1 1809
379 1 1824
380 1 1825
381 1 1826
382 1 1827
383 1 1828
384 1 1829
385 1 1830
386 1 1831
387 1 1832
388 1 1833
389 1 1837
390 1 1838
391 1 1839
392 1 1840
393 1 1841
394 1 1842
395 1 1843
396 1 1859
397 1 1860
398 1 1861
399 1 1862
400 1 1863
401 1 1864
402 1 1865
403 1 1866
404 1 1867
405 1 1868
406 1 1870
407 1 1871
408 1 1872
409 1 1873
410 1 1874
411 1 1875
412 1 1876
413 1 1894
414 1 1895
415 1 1896
416 1 1897
417 1 1898
418 1 1899
419 1 1900
420 1 1901
421 1 1902
422 1 1903
423 1 1904
424 1 1905
425 1 1906
426 1 1907
427 1 1908
428 1 1909
429 1 1930
430 1 1931
431 1 1932
432 1 1933
433 1 1934
434 1 1935
435 1 1936
436 1 1937
437 1 1938
438 1 1939
439 1 1940
440 1 1941
441 1 1966
442 1 1967
443 1 1968
444 1 1969
445 1 1970
446 1 1971
447 1 1972
448 1 1973
