893 1299643 1479233
895 61468 370189
918 4132 13657
918 3186376 3409020
923 377856 519728
924 104589 248321
924 7347555 7392283
926 13742 99914
926 5099853 5281251
927 4834215 5351945
927 5517854 5773612
928 6690733 6858204
929 2903422 3092214
929 3248666 3651852
929 3983062 4131671
932 3200001 3316655
934 7035228 7088147
935 1303445 1661807
947 1291407 1605151
947 7350473 7350737
949 681366 888842
949 2899853 3153459
950 1721410 1866085
950 5072007 5417034
950 7101049 7216272
951 5253042 5287561
952 2987773 3150159
953 378665 610373
953 6901869 7054593
955 3161 12703
960 388315 685580
960 3760864 3990509
960 5704659 6942588
960 8417636 8420245
961 3125526 3619158
967 1363363 1700844
967 4971480 5296381
970 17269 57831
971 1 6317
973 6308263 6683536
974 1525500 1799999
974 6757725 6847299
974 7305323 7431648
975 8008 18690
975 981351 1222875
976 6227256 6227254
977 3715519 3886014
978 7399853 7523927
1123 1236274 1243051
1125 113168 119583
1125 324132 330151
1126 27358 34771
1126 210854 217780
1130 52337 78467
1135 852974 873452
1135 1407981 1421710
1135 1424603 1431616
1136 20001 500000
1136 1828150 1853551
1136 5400428 5438840
1137 1272273 1293042
1137 1325400 1333668
1137 1378256 1435093
1137 1635072 1656942
1137 1955491 1963023
1137 2425443 2488150
1147 53528 83911
1153 20001 112708
1153 115141 126029
1153 1128534 1138243
1153 1482324 1495777
1154 827884 829983
1155 20001 600000
1155 6231622 6245758
1155 6264483 6279863
1158 1300066 1347412
1158 5300713 5330152
1159 4949041 4987625
1159 5052826 5064394
1160 4455585 4490492
1160 5567154 5586705
1161 750555 759606
1161 1549706 1563187
1161 1735846 1740939
1161 1772990 1776773
1161 1794583 1799595
1163 89714 98575
1197 944159 958704
1198 244443 284788
1198 386300 399241
1198 403844 406067
1198 564836 576593
1198 1115695 1153402
1198 1154475 1165704
1201 928451 972168
1201 4444696 4475715
1201 4492344 4514120
1205 828767 872055
1205 887414 917844
1205 3749763 3772992
1205 3814627 3841195
1205 3848991 3893141
1237 20001 292481
1237 1230914 1246415
1237 1394716 1409749
1237 1411074 1430282
1238 20001 1200000
1238 1129691 1181445
1238 1212688 1240734
1238 1313574 1396682
1238 1415364 1431244
1240 80000 100001
1241 290000 320001
1241 2250000 2270001
1241 7270000 7290001
1241 8240000 8260001
1242 853302 897095
1242 3460698 3520522
1242 3548012 3558380
1242 6065284 6156094
1242 6600000 6620001
1243 1690000 1710001
1243 1780000 1800001
1243 3350000 3370001
1243 9400000 9420001
1243 10340000 10360001
1243 10750000 10770001
1287 20001 1000000
1287 6700000 6900001
1287 7500000 7700001
1287 10400000 10600001
1287 11902142 11918119
1288 4174070 4308087
1288 7000000 7200001
1288 12102532 12236460
1290 20001 1000000
1290 3118002 3227523
1290 7781709 7941496
1290 7949922 7974410
1293 39005 186688
1294 1085138 1112639
1295 20001 1000000
1295 3600000 3800001
1301 369746 392806
1301 4100000 4300001
1302 600000 800001
1302 5000000 5200001
1302 6400000 6600001
1302 7000000 7200001
1302 12900000 13100001
1303 800000 1000001
1303 1100000 1300001
1303 12885214 12917323
1303 13700000 13900001
1304 1894556 2048993
1304 13696208 13851807
1306 495440 498257
1306 672707 697789
1307 1126238 1180315
1307 2635616 2790833
1307 6130416 6248440
1307 7968974 8091378
1307 8773551 9000001
1307 9856330 9872754
1307 11152596 11373320
1308 156172 179522
1308 3700000 4100001
1308 6351140 6459397
1308 7843875 7917399
1308 10400000 10600001
1308 10800000 11000001
1308 12701380 12782697
1308 12816017 12839869
1308 13326864 13375717
1309 3200000 3400001
1309 3500000 3700001
1309 9900000 10100001
1309 12486606 12622192
1309 13075168 13115335
1310 2800000 3036545
1311 5500000 5700001
1311 6000000 6200001
1311 7426861 7563844
1312 2000100 2078249
1312 2575573 2602369
1313 20001 1000000
1313 2723570 2804768
1313 10400000 10600001
1314 12787410 12897156
1315 884440 934535
1315 2863122 2981017
1315 5300000 5509041
1315 12600000 12800001
1316 813227 958861
1316 3341415 3520603
1316 7332324 7424449
1317 1389949 1417026
1317 1421297 1430729
1318 295970 340762
1319 20001 1000000
1319 2877664 3006293
1319 8200000 8500001
1319 9600000 9800001
1320 1500000 1700001
1320 3100000 3400001
1320 4924085 4936331
1320 6000000 6200001
1320 9700000 9900001
1322 942920 1076433
1322 2200000 2400001
1322 8600000 8800001
1322 8900000 9100001
1322 12500000 12700001
1322 12917034 13057258
1322 13233243 13248618
1323 357892 375308
1323 9500000 9800001
1324 501224 527649
1324 570990 582828
1324 1823786 1868559
1324 2983782 3012476
1325 6183597 6336148
1325 12800000 13000001
1326 2296848 2310228
1326 2316925 2328065
1327 20001 35440
1327 175301 211302
1328 20001 1000000
1328 1156153 1336687
1328 3883283 4027529
1328 5799707 5986599
1328 6207861 6445911
1328 6600000 6800001
1328 7563090 7800001
1328 8200000 8400001
1329 145660 154989
1329 213950 219442
1329 305578 339847
1329 523409 541463
1329 821805 874580
1329 980931 1021546
1329 1187246 1255613
1330 425582 454724
1330 943177 948627
1330 1585398 1643747
1331 20001 1000000
1331 861679 1014212
1332 2473878 2581799
1332 2623842 2953448
1332 3067023 3075604
1334 289433 585446
1334 590937 681755
1334 1058925 1172839
1334 1200000 1400001
1334 2598019 2731104
1334 2746856 2771720
1334 3112615 3269001
1334 3300000 3549896
1334 4900000 5100001
1334 5325744 5327424
1336 100000 300001
1336 3272639 3427073
1336 3811748 3879698
1336 5654752 5900001
1336 11500000 11700001
1337 3174767 3196317
1337 3208710 3300581
1337 6100000 6300001
1337 9612989 9752791
1337 13000000 13200001
1337 13400000 13600001
1338 4605814 4762468
1338 5800000 6000001
1338 10668542 10694794
1338 11400000 11600001
1338 12300000 12500001
1338 12600000 12800001
1340 20001 1000000
1340 1900000 2100001
1340 8800000 9000001
1340 9400000 9600001
1340 13196233 13333585
1341 1700000 1900001
1341 9400000 9700001
1341 11800000 12000001
1341 14600000 14800001
1341 15400000 15800001
1341 16100000 16300001
1341 18300000 18500001
1342 1082286 1131261
1342 1158981 1192391
1342 1851120 1875451
1345 100000 200001
1345 5200000 5400001
1345 14500000 14700001
1345 21100000 21300001
1345 24197826 24198816
1362 20001 200000
1362 2288098 2320268
1370 20001 400000
1370 340507 447063
1370 707752 708047
1371 1616456 1649075
1371 1660138 1679886
1371 2785029 2827315
1371 2830341 2840664
1372 20001 31619
1372 2402052 2428996
1373 1781610 2000001
1373 3656262 3666511
1374 3400000 3800001
1381 798119 813782
1382 20001 600000
1384 1100000 1300001
1384 4947705 4996638
1385 2500000 2700001
1385 4226843 4288430
1385 4291917 4299546
1385 4832573 4885951
1386 85867 89604
1386 126509 131982
1387 208463 214294
1394 2854579 2951062
1394 3037768 3110630
1394 3683997 3714245
1394 5700000 5900001
1394 6100000 6300001
1394 10364419 10434711
1394 10572970 10594021
1394 11629347 11657803
1395 400000 600001
1395 2000000 2200001
1395 6856894 6905651
1395 6933197 6953799
1395 6960166 6981160
1395 7600000 7800001
1395 8447702 8527560
1395 9627517 9689012
1395 10300000 10500001
1396 132060 163362
1396 1314725 1331649
1396 1583448 1631171
1396 2900000 3100001
1396 3300000 3500001
1396 5369908 5383714
1396 5850230 5884605
1396 7462411 7525087
1396 7781292 7808630
1396 8740492 8814092
1396 8854437 8881231
1396 9342941 9383679
1396 9800000 10000001
1397 7400000 7600001
1397 7900000 8100001
1397 8516419 8634803
1397 8644925 8674623
1397 8902742 9015535
1397 9801229 9803632
1399 20001 45832
1399 1529177 1548792
1399 1551413 1559740
1399 1565847 1587770
1399 1763980 1771828
1400 20001 1000000
1400 5100000 5400001
1400 7901235 7983450
1400 8500000 9109181
1400 9537560 9627819
1400 9642554 9662892
1400 9698504 9726347
1400 11105585 11176429
1400 11204639 11239719
1400 11268063 11282151
1401 300000 500001
1401 2251734 2273317
1401 3792075 3888916
1401 7400000 7600001
1404 40320 112513
1404 5000000 5200001
1405 869708 984626
1405 1100000 1400001
1405 1600000 1800001
1405 4289376 4318326
1405 9200000 9400001
1411 1100008 1102523
1412 20001 1000000
1412 6000000 6400001
1412 7300000 7500001
1412 8522234 8614404
1412 10919375 11031521
1413 329454 439045
1413 3100000 3348462
1413 4573139 4621418
1413 7988151 8100813
1413 9400000 9600001
1413 10300000 10500001
1413 10800000 11000001
1415 20001 103179
1415 4700000 5000001
1415 6100000 6500001
1415 7400000 7600001
1415 9651004 9752570
1415 11598797 11664165
1416 584122 611191
1416 2600000 2800001
1416 4333110 4445765
1416 6900000 7100001
1416 7400000 7600001
1416 9795107 9871794
1416 9900000 10100001
1416 11510133 11529848
1417 140280 164418
1417 596886 619116
1417 958789 982567
1417 1648738 1667391
1418 1902608 1925210
1420 20001 800000
1420 2966643 3064437
1420 3071288 3085117
1421 176875 322462
1421 500000 700001
1421 5347143 5461362
1421 7066085 7189837
1421 7368332 7462013
1421 8744234 8872662
1421 9517117 9650008
1421 9656745 9691270
1421 10127115 10235877
1422 2100000 2300001
1422 6866477 6915368
1422 7254981 7307518
1422 8600000 8900001
1423 1756271 1777326
1423 2041931 2162670
1423 2919169 3018099
1423 3800000 4000001
1423 4500000 4700001
1423 5310087 5418005
1423 6300000 6609465
1423 8508734 8614150
1424 2500000 2700001
1424 2800000 3000001
1424 5819687 5968301
1424 7200000 7400001
1424 7600000 7800001
1424 8959212 9075586
1425 679497 703919
1425 1843064 1866698
1426 20001 1000000
1426 3147289 3285017
1426 5400000 5800001
1426 8934986 9043556
1426 9446177 9553997
1427 1600000 1900001
1427 2600000 2800001
1427 10300000 10500001
1427 10963496 10974299
1428 742822 758842
1429 1893298 2020798
1429 2238493 2383256
1429 2476579 2581461
1430 20001 72442
1430 2400000 2600001
1430 4903735 5019437
1430 5102706 5130545
1430 5257560 5306821
1430 9300000 9500001
1431 281094 304020
1431 964221 984725
1431 1446543 1473905
1431 1762055 1789584
1443 6700000 6900001
1444 3100000 3300001
1444 8400000 8600001
1444 8703310 8861075
1444 10344162 10450100
1444 11857399 12103458
1444 13018265 13027105
1445 3329797 3438001
1445 10331958 10430786
1446 1360070 1466630
1446 1703809 1854967
1446 5958536 6081520
1446 6700000 6900001
1446 10200000 10400001
1447 94668 96626
1448 45880 54137
1448 481620 488453
1448 498422 504469
1448 506106 529944
1448 1016544 1042378
1448 1536413 1548050
1448 1950025 1972139
1449 20001 1000000
1449 4700000 4900001
1449 8413751 8428460
1451 3100000 3300001
1451 4600000 4800001
1451 8145878 8262206
1451 9002097 9121200
1451 10700000 11100001
1451 11182271 11319917
1451 12211237 12323610
1451 14045763 14145129
1452 1312332 1411169
1452 5591954 5701919
1452 8100000 8300001
1452 9196998 9333146
1452 10270911 10420471
1452 11142184 11143777
1453 2600000 2800001
1453 3200000 3400001
1453 4490028 4616103
1453 7515222 7669124
1453 8600000 8800001
1453 9100000 9300001
1453 9700000 9900001
1454 1268180 1298180
1454 1799448 1824424
1455 20001 1000000
1455 243656 366131
1455 500000 700001
1455 6756132 6896236
1455 7049679 7158685
1455 7800000 8000001
1455 8412092 8557254
1455 8564283 8571320
1455 11022144 11025263
1456 406584 505310
1456 2749277 2879959
1456 3500000 3700001
1456 5119922 5235278
1456 6407997 6513199
1456 8330258 8463124
1456 9029985 9144900
1457 120384 233869
1457 500000 700001
1457 4924012 5057362
1457 10200000 10400001
1457 11076845 11082645
1458 2291162 2393682
1458 4797297 4817926
1458 6400000 6900001
1458 7841667 7945978
1458 9135271 9247224
1459 303588 326222
1459 429785 452481
1459 830204 835699
1459 1022816 1034817
1459 1779106 1800746
1460 20001 1000000
1460 252844 348416
1460 560053 689418
1460 2467019 2591805
1460 5200000 5500001
1460 9330648 9426189
1461 1259274 1358836
1461 2000000 2300001
1461 3863318 3892053
1461 6200000 6400001
1461 7100000 7300001
1461 7907150 8010096
1461 9286559 9390717
1462 1537906 1659197
1462 6100000 6300001
1462 11331660 11501192
1463 1600000 1900001
1463 2422182 2456759
1463 3067198 3172719
1463 7900000 8100001
1465 905632 930742
1465 1739435 1755362
1466 20001 1000000
1466 1294334 1388952
1466 9934789 10056848
1466 10524639 10633455
1467 2076234 2194726
1467 5700000 5900001
1467 6300000 6500001
1467 10355285 10465963
1467 11112000 11157043
1468 20002 32099
1468 1000000 1200001
1468 1600000 1900001
1468 2889438 2937053
1468 3787832 3815015
1468 4757950 4854512
1468 4859285 4890068
1468 5315291 5432091
1468 6785742 6896606
1468 7100000 7300001
1468 7700000 7900001
1468 9512043 9645083
1468 10056730 10092109
1468 10112936 10140381
1469 251844 271482
1469 387039 407740
1469 1333036 1360168
1469 1507629 1530029
1470 20001 1000000
1470 3875772 3977423
1470 5600000 5800001
1470 10129272 10235703
1471 20001 26619
1471 642914 770235
1471 8100000 8300001
1471 8927240 9044678
1472 3900000 4100001
1472 5572686 5690975
1472 6019190 6139686
1472 10283023 10419255
1473 118914 143717
1473 1081439 1102333
1473 1525492 1547133
1473 1574031 1593836
1473 2084898 2104646
1474 20001 1000000
1474 4032586 4154915
1474 4868166 4993743
1474 5276554 5388905
1474 5700000 6000001
1474 6558467 6666741
1475 942504 1048623
1475 2367436 2475841
1475 4615468 4719371
1475 4795186 4909765
1475 5162400 5281160
1475 6818921 6921995
1475 9400000 9635692
1475 9982561 9987155
1476 1216772 1372895
1476 5486239 5645961
1476 6059090 6170142
1476 8283927 8392934
1476 9100000 9300001
1477 20001 38193
1477 526044 550448
1477 861143 914603
1477 982546 1004952
1477 1200377 1239496
1477 1486697 1508893
1477 1522909 1529415
1477 1678950 1700718
1478 20001 1000000
1478 333682 486095
1478 3456136 3586795
1478 5029264 5153531
1478 5277652 5299415
1478 5327278 5355100
1478 8500000 8900001
1479 800000 1000001
1479 2576910 2686028
1479 8075521 8131256
1479 11009853 11138364
1479 11152265 11183952
1480 3500000 3700001
1480 6164458 6359032
1480 7130663 7252318
1480 7400000 7600001
1480 8200000 8400001
1481 20001 35349
1481 309462 349052
1481 544117 568917
1481 878354 934199
1481 1175590 1202230
1481 1419309 1444769
1481 1703269 1724185
1482 2781924 2935874
1482 3663597 3782795
1482 5796146 5908228
1482 6984963 7011986
1482 7788965 7910467
1482 7966576 8094676
1482 10995401 11005411
1483 0 77037
1484 20001 102967
1484 2100000 2800001
1484 3900000 4100001
1484 4200000 4600001
1484 4785079 4930823
1484 5968974 6101652
1484 6244398 6334411
1484 6960397 7098731
1484 7600000 7800001
1484 8236298 8360410
1484 8606295 8900001
1484 9073958 9182274
1484 9500000 9700001
1485 10100000 10300001
1485 10900000 11100001
1486 544966 566710
1486 844989 851540
1486 900000 1100001
1486 1316657 1346791
1487 20001 200000
1487 1400000 1600001
1487 3522842 3543869
1487 4548462 4604231
1487 5200000 5600001
1487 5700000 6100001
1487 6422382 6552147
1487 7300000 7530930
1487 8300000 8500001
1487 9265469 9387108
1487 13423447 13425793
1488 143634 248468
1488 2500000 2700001
1488 3000000 3200001
1488 5300000 5600001
1488 6164095 6304274
1488 7000000 7200001
1488 7600000 8900001
1488 9100000 9400001
1488 9500000 10500001
1488 10600000 11000001
1489 1357796 1473571
1489 1500000 1800001
1489 1900000 2500001
1489 3200000 3400001
1489 3570660 3790603
1489 5000000 8800001
1489 9374080 11300001
1490 142278 146135
1490 606812 635064
1490 791797 815549
1491 20001 500000
1491 20001 132861
1491 600000 800001
1491 1200000 1400001
1491 3600000 3800001
1491 4008238 4120417
1491 4752304 4865928
1491 5300000 5800001
1491 6164951 6400001
1491 6495571 6800001
1491 7235368 7500001
1491 7501854 7800001
1491 7900000 9200001
1491 9300000 9500001
1491 9600000 10100001
1491 10200000 10600001
1491 10700000 11000001
1492 100000 700001
1492 1000000 1200001
1492 1288534 1383922
1492 1600000 2200001
1492 2300000 2600001
1492 2700000 4600001
1492 5100000 5400001
1492 5600000 6100001
1495 242252 366749
1495 1288666 1422792
1495 1819217 1963456
1495 2000000 2300001
1495 2400000 3400001
1495 3800000 4100001
1495 4200000 4400001
1495 4500000 4700001
1495 4900000 5600001
1495 5700000 6100001
1495 6300000 6700001
1495 7837501 7972871
1495 8100000 8300001
1495 8900000 9300001
1498 100000 200001
1498 2109232 2123855
1498 2152404 2164637
1498 2471632 2491463
1498 8118424 8144997
1502 33777 35210
1502 83515 84780
1503 903006 923928
1503 1329391 1335408
1503 1616147 1634275
1505 30134 153161
1505 207899 212124
1505 212965 214178
1505 219903 238947
1506 20001 6000000
1506 277644 308035
1506 432360 458705
1506 547422 562953
1506 604754 620297
1506 698462 734513
1506 806409 822077
1506 1095082 1111095
1506 1129512 1137333
1506 1585192 1631233
1506 3045644 3114845
1506 3689562 3741667
1506 4400000 5200001
1506 6708152 6724801
1506 6981639 7028325
1506 7039222 7055009
1506 10616260 10637169
1506 10684212 10710539
1506 10814102 10818249
1507 1328078 1388739
1507 1636998 1658171
1507 4507756 4561218
1507 6992781 7058605
1507 7069126 7110695
1507 7599126 7659003
1507 7731228 7783851
1507 8100000 8300001
1507 9713938 9723861
1508 3973452 4009615
1508 4801432 4814335
1508 5549062 5580409
1508 5585654 5627797
1508 5648536 5664277
1508 5804596 5824655
1508 5882926 5906875
1508 6705372 6747717
1508 6900000 7100001
1508 7300000 7500001
1508 7800000 8000001
1508 8459066 8474413
1508 9300000 9500001
1508 10071588 10116365
1508 10251372 10265093
1509 409264 411117
1509 614106 618051
1509 622926 626775
1509 660494 663409
1509 848322 853237
1509 946526 950321
1509 952256 955035
1509 1105980 1118934
1509 1152335 1156572
1509 1273511 1291345
1509 1486325 1490549
1509 1491385 1500124
1509 1625484 1626989
1509 1860706 1866359
1509 1950206 1954275
1509 1960892 1963747
1509 1983046 1993615
1510 20001 500000
1510 5171256 5186791
1510 5550172 5560769
1510 7100000 7500001
1510 7567812 7583657
1510 7600000 7800001
1510 7911768 7932549
1510 7963794 7991345
1510 8500000 8700001
1510 8800000 9000001
1510 9329718 9376063
1511 1448032 1463013
1512 1104134 1172855
1512 1928034 1959827
1512 1970188 1991159
1512 2777532 2814791
1512 2884484 2905269
1512 3100000 3300001
1512 3602620 3717243
1512 3847060 3877065
1512 3882258 3909261
1512 4120038 4191313
1512 4606738 4658513
1512 4775312 4801457
1512 5766308 5836305
1512 5874682 5891083
1512 5994848 6026159
1512 7565174 7580601
1512 8642531 8642532
1513 676378 2400001
1513 2600000 3100001
1513 3200000 4600001
1513 4800000 5200001
1513 5300000 5500001
1513 6500000 7000001
1513 7007097 7020632
1513 7200000 7700001
1514 512365 516116
1514 539821 546554
1514 642914 648341
1514 653020 655326
1514 682704 685500
1514 1157834 1173284
1515 1486040 1508228
1516 20001 1000000
1516 539990 628745
1516 6395290 6397046
