0 121 1 2 3 4 5 6 7 8 9 10 11 12 13 14 15 16 17 18 19 20 21 22 23 24 25 26 27 28 29 30 31 60 61 90 91 120 121 150 151 180 181 210 211 240 241 270 271 300 301 330 331 360 361 390 391 420 421 450 451 480 481 510 511 540 541 570 571 600 601 630 631 660 661 690 691 720 721 750 751 780 781 810 811 840 841 870 871 872 873 874 875 876 877 878 879 880 881 882 883 884 885 886 887 888 889 890 891 892 893 894 895 896 897 898 899 900 775 745 776 805 774
1 26 1526 1527 1528 1529 1560 1563 1594 1597 1628 1629 1630 1631 1801 1834 1869 1836 1857 1890 1925 1892 1835 1891 1856 1858 1924 1926 
2 50 32 33 34 35 36 62 63 64 65 66 92 93 94 95 96 122 123 124 125 126 152 153 154 155 156 745 746 747 748 749 775 776 777 778 779 805 806 807 808 809 835 836 837 838 839 865 866 867 868 869   
3 14 157 158 159 160 161 162 163 738 739 740 741 742 743 744 
4 8 164 165 166 167 734 735 736 737 
5 14 168 169 170 171 172 173 174 727 728 729 730 731 732 733
6 24 37 38 39 67 68 69 97 98 99 127 128 129 772 773 774 802 803 804 832 833 834 862 863 864
7 24 40 41 42 70 71 72 100 101 102 130 131 132 769 770 771 799 800 801 829 830 831 859 860 861 
8 24 43 44 45 73 74 75 103 104 105 133 134 135 766 767 768 796 797 798 826 827 828 856 857 858 
9 24 46 47 48 76 77 78 106 107 108 136 137 138 763 764 765 793 794 795 823 824 825 853 854 855

10 24 49 50 51 79 80 81 109 110 111 139 140 141 760 761 762 790 791 792 820 821 822 850 851 852  
11 24 52 53 54 82 83 84 112 113 114 142 143 144 757 758 759 787 788 789 817 818 819 847 848 849 
12 24  
13 25 55 56 57 58 59 85 86 87 88 89 115 116 117 118 119 145 146 147 148 149 175 176 177 178 179 
14 7 205 235 265 295 325 355 385 
15 4 415 445 475 505 
16 7 535 565 595 625 655 685 715 
17 12 206 207 208 209 236 237 238 239 266 267 268 269 
18 8 296 297 298 299 326 327 328 329 
19 12 356 357 358 359 386 387 388 389 416 417 418 419 
20 8 446 447 448 449 476 477 478 479 
21 12 506 507 508 509 536 537 538 539 566 567 568 569 
22 8 596 597 598 599 626 627 628 629 
23 12 656 657 658 659 686 687 688 689 716 717 718 719   


34 25 722 723 724 725 726 752 753 754 755 756 782 783 784 785 786 812 813 814 815 816 842 843 844 845 846 
35 7 516 546 576 606 636 666 696 
36 4 396 426 456 486 
37 7 186 216 246 276 306 336 366 
38 12 182 183 184 185 212 213 214 215 242 243 244 245 
39 12 272 273 274 275 302 303 304 305 332 333 334 335 
40 12 362 363 364 365 392 393 394 395 422 423 424 425 
41 12 452 453 454 455 482 483 484 485 512 513 514 515 
42 12 542 543 544 545 572 573 574 575 602 603 604 605 
43 12 632 633 634 635 662 663 664 665 692 693 694 695 
44 12 1001 1002 1003 1004 1005 1006 1007 1008 1009 1010 1011 1012 
45 9 1013 1014 1015 1016 1017 1018 1019 1020 1021 
46 12 1022 1023 1024 1025 1026 1027 1028 1029 1030 1031 1032 1033 
47 12 1034 1068 1102 1136 1170 1204 1238 1272 1306 1340 1374 1408 
48 9 1442 1476 1510 1544 1578 1612 1646 1680 1714 
49 12 1748 1782 1816 1850 1884 1918 1952 1986 2020 2054 2088 2122 
50 12 2124 2125 2126 2127 2128 2129 2130 2131 2132 2133 2134 2135 
51 21 2136 2137 2138 2139 2140 2141 2142 2143 2144 2145 2146 2147 2148 2149 2150 2151 2152 2153 2154 2155 2156 
52 12 1035 1069 1103 1137 1171 1205 1239 1273 1307 1341 1375 1409 
53 9 1443 1477 1511 1545 1579 1613 1647 1681 1715 
54 12 1749 1783 1817 1851 1885 1919 1953 1987 2021 2055 2089 2123 
55 9 1036 1037 1038 1070 1071 1072 1104 1105 1106 
56 9 1039 1040 1041 1073 1074 1075 1107 1108 1109 
57 9 1042 1043 1044 1076 1077 1078 1110 1111 1112 
58 9 1045 1046 1047 1079 1080 1081 1113 1114 1115 
59 9 1048 1049 1050 1082 1083 1084 1116 1117 1118 
60 6 1051 1052 1085 1086 1119 1120 
61 9 1053 1054 1055 1087 1088 1089 1121 1122 1123 
62 9 1056 1057 1058 1090 1091 1092 1124 1125 1126 
63 9 1059 1060 1061 1093 1094 1095 1127 1128 1129 
64 9 1062 1063 1064 1096 1097 1098 1130 1131 1132 
65 9 1065 1066 1067 1099 1100 1101 1133 1134 1135 
66 9 1167 1168 1169 1201 1202 1203 1235 1236 1237 
67 9 1269 1270 1271 1303 1304 1305 1337 1338 1339 
68 9 1371 1372 1373 1405 1406 1407 1439 1440 1441 
69 9 1473 1474 1475 1507 1508 1509 1541 1542 1543 
70 6 1575 1576 1577 1609 1610 1611 
71 9 1643 1644 1645 1677 1678 1679 1711 1712 1713 
72 9 1745 1746 1747 1779 1780 1781 1813 1814 1815 
73 9 1847 1848 1849 1881 1882 1883 1915 1916 1917 
74 9 1949 1950 1951 1983 1984 1985 2017 2018 2019 
75 9 2051 2052 2053 2085 2086 2087 2119 2120 2121 
76 9 2048 2049 2050 2082 2083 2084 2116 2117 2118 
77 9 2045 2046 2047 2079 2080 2081 2113 2114 2115 
78 9 2042 2043 2044 2076 2077 2078 2110 2111 2112 
79 9 2039 2040 2041 2073 2074 2075 2107 2108 2109 
80 6 2037 2038 2071 2072 2105 2106 
81 9 2034 2035 2036 2068 2069 2070 2102 2103 2104 
82 9 2031 2032 2033 2065 2066 2067 2099 2100 2101 
83 9 2028 2029 2030 2062 2063 2064 2096 2097 2098 
84 9 2025 2026 2027 2059 2060 2061 2093 2094 2095 
85 9 2022 2023 2024 2056 2057 2058 2090 2091 2092 
86 9 1920 1921 1922 1954 1955 1956 1988 1989 1990 
87 9 1818 1819 1820 1852 1853 1854 1886 1887 1888 
88 9 1716 1717 1718 1750 1751 1752 1784 1785 1786 
89 9 1614 1615 1616 1648 1649 1650 1682 1683 1684 
90 6 1546 1547 1548 1580 1581 1582 
91 9 1444 1445 1446 1478 1479 1480 1512 1513 1514 
92 9 1342 1343 1344 1376 1377 1378 1410 1411 1412 
93 9 1240 1241 1242 1274 1275 1276 1308 1309 1310 
94 9 1138 1139 1140 1172 1173 1174 1206 1207 1208 
95 4 1141 1142 1175 1176 
96 4 1143 1144 1177 1178 
97 4 1145 1146 1179 1180 
98 4 1147 1148 1181 1182 
99 4 1149 1150 1183 1184 
100 4 1151 1152 1185 1186 
101 4 1153 1154 1187 1188 
102 4 1155 1156 1189 1190 
103 4 1157 1158 1191 1192 
104 4 1159 1160 1193 1194 
105 4 1161 1162 1195 1196 
106 4 1163 1164 1197 1198 
107 4 1165 1166 1199 1200 
108 4 1209 1210 1243 1244 
109 4 1211 1212 1245 1246 
110 4 1213 1214 1247 1248 
111 4 1215 1216 1249 1250 
112 4 1217 1218 1251 1252 
113 4 1219 1220 1253 1254 
114 4 1221 1222 1255 1256 
115 4 1223 1224 1257 1258 
116 4 1225 1226 1259 1260 
117 4 1227 1228 1261 1262 
118 4 1229 1230 1263 1264 
119 4 1231 1232 1265 1266 
120 4 1233 1234 1267 1268 
121 4 1277 1278 1311 1312 
122 4 1279 1280 1313 1314 
123 4 1281 1282 1315 1316 
124 4 1283 1284 1317 1318 
125 4 1285 1286 1319 1320 
126 4 1287 1288 1321 1322 
127 4 1289 1290 1323 1324 
128 4 1291 1292 1325 1326 
129 4 1293 1294 1327 1328 
130 4 1295 1296 1329 1330 
131 4 1297 1298 1331 1332 
132 4 1299 1300 1333 1334 
133 4 1301 1302 1335 1336 
134 4 1345 1346 1379 1380 
135 4 1347 1348 1381 1382 
136 4 1349 1350 1383 1384 
137 1 1351 
138 1 1352 
139 1 1353 
140 1 1354 
141 1 1355 
142 1 1356 
143 1 1357 
144 1 1358 
145 1 1359 
146 1 1360 
147 1 1361 
148 1 1362 
149 1 1363 
150 1 1364 
151 1 1385 
152 1 1386 
153 1 1387 
154 1 1388 
155 1 1389 
156 1 1390 
157 1 1391 
158 1 1392 
159 1 1393 
160 1 1394 
161 1 1395 
162 1 1396 
163 1 1397 
164 1 1398 
165 4 1365 1366 1399 1400 
166 4 1367 1368 1401 1402 
167 4 1369 1370 1403 1404 
168 4 1413 1414 1447 1448 
169 4 1415 1416 1449 1450 
170 4 1417 1418 1451 1452 
171 1 1419 
172 1 1420 
173 1 1421 
174 1 1422 
175 1 1423 
176 1 1424 
177 1 1425 
178 1 1426 
179 1 1427 
180 1 1428 
181 1 1429 
182 1 1430 
183 1 1431 
184 1 1432 
185 1 1453 
186 1 1454 
187 1 1455 
188 1 1456 
189 1 1457 
190 1 1458 
191 1 1459 
192 1 1460 
193 1 1461 
194 1 1462 
195 1 1463 
196 1 1464 
197 1 1465 
198 1 1466 
199 4 1433 1434 1467 1468 
200 4 1435 1436 1469 1470 
201 4 1437 1438 1471 1472 
202 4 1481 1482 1515 1516 
203 4 1483 1484 1517 1518 
204 4 1485 1486 1519 1520 
205 1 1487 
206 1 1488 
207 1 1489 
208 1 1490 
209 1 1491 
210 1 1492 
211 1 1493 
212 1 1494 
213 1 1495 
214 1 1496 
215 1 1497 
216 1 1498 
217 1 1499 
218 1 1500 
219 1 1521 
220 1 1522 
221 1 1523 
222 1 1524 
223 1 1525 
224 1 1530 
225 1 1531 
226 1 1532 
227 1 1533 
228 1 1534 
229 4 1501 1502 1535 1536 
230 4 1503 1504 1537 1538 
231 4 1505 1506 1539 1540 
232 4 1549 1550 1583 1584 
233 4 1551 1552 1585 1586 
234 4 1553 1554 1587 1588 
235 1 1555 
236 1 1556 
237 1 1557 
238 1 1558 
239 1 1559 
240 1 1564 
241 1 1565 
242 1 1566 
243 1 1567 
244 1 1568 
245 1 1589 
246 1 1590 
247 1 1591 
248 1 1592 
249 1 1593 
250 1 1598 
251 1 1599 
252 1 1600 
253 1 1601 
254 1 1602 
255 4 1569 1570 1603 1604 
256 4 1571 1572 1605 1606 
257 4 1573 1574 1607 1608 
258 4 1617 1618 1651 1652 
259 4 1619 1620 1653 1654 
260 4 1621 1622 1655 1656 
261 1 1623 
262 1 1624 
263 1 1625 
264 1 1626 
265 1 1627 
266 1 1632 
267 1 1633 
268 1 1634 
269 1 1635 
270 1 1636 
271 1 1657 
272 1 1658 
273 1 1659 
274 1 1660 
275 1 1661 
276 1 1662 
277 1 1663 
278 1 1664 
279 1 1665 
280 1 1666 
281 1 1667 
282 1 1668 
283 1 1669 
284 1 1670 
285 4 1637 1638 1671 1672 
286 4 1639 1640 1673 1674 
287 4 1641 1642 1675 1676 
288 4 1685 1686 1719 1720 
289 4 1687 1688 1721 1722 
290 4 1689 1690 1723 1724 
291 1 1691 
292 1 1692 
293 1 1693 
294 1 1694 
295 1 1695 
296 1 1696 
297 1 1697 
298 1 1698 
299 1 1699 
300 1 1700 
301 1 1701 
302 1 1702 
303 1 1703 
304 1 1704 
305 1 1725 
306 1 1726 
307 1 1727 
308 1 1728 
309 1 1729 
310 1 1730 
311 1 1731 
312 1 1732 
313 1 1733 
314 1 1734 
315 1 1735 
316 1 1736 
317 1 1737 
318 1 1738 
319 4 1705 1706 1739 1740 
320 4 1707 1708 1741 1742 
321 4 1709 1710 1743 1744 
322 4 1753 1754 1787 1788 
323 4 1755 1756 1789 1790 
324 4 1757 1758 1791 1792 
325 1 1759 
326 1 1760 
327 1 1761 
328 1 1762 
329 1 1763 
330 1 1764 
331 1 1765 
332 1 1766 
333 1 1767 
334 1 1768 
335 1 1769 
336 1 1770 
337 1 1771 
338 1 1772 
339 1 1793 
340 1 1794 
341 1 1795 
342 1 1796 
343 1 1797 
344 1 1798 
345 1 1799 
346 1 1800 
347 1 1802 
348 1 1803 
349 1 1804 
350 1 1805 
351 1 1806 
352 4 1773 1774 1807 1808 
353 4 1775 1776 1809 1810 
354 4 1777 1778 1811 1812 
355 3 1821 1822 1855 
356 2 1823 1824 
357 4 1825 1826 1859 1860 
358 4 1827 1828 1861 1862 
359 4 1829 1830 1863 1864 
360 4 1831 1832 1865 1866 
361 2 1833 1867 
362 1 1868 
363 1 1870 
364 4 1837 1838 1871 1872 
365 4 1839 1840 1873 1874 
366 4 1841 1842 1875 1876 
367 4 1843 1844 1877 1878 
368 4 1845 1846 1879 1880 
369 2 1889 1923 
370 4 1893 1894 1927 1928 
371 4 1895 1896 1929 1930 
372 4 1897 1898 1931 1932 
373 4 1899 1900 1933 1934 
374 4 1901 1902 1935 1936 
375 4 1903 1904 1937 1938 
376 4 1905 1906 1939 1940 
377 4 1907 1908 1941 1942 
378 4 1909 1910 1943 1944 
379 4 1911 1912 1945 1946 
380 4 1913 1914 1947 1948 
381 4 1957 1958 1991 1992 
382 4 1959 1960 1993 1994 
383 4 1961 1962 1995 1996 
384 4 1963 1964 1997 1998 
385 4 1965 1966 1999 2000 
386 4 1967 1968 2001 2002 
387 4 1969 1970 2003 2004 
388 4 1971 1972 2005 2006 
389 4 1973 1974 2007 2008 
390 4 1975 1976 2009 2010 
391 4 1977 1978 2011 2012 
392 4 1979 1980 2013 2014 
393 4 1981 1982 2015 2016 
