1059       -1.552104  -0.394477  5223.65      
1062       -1.561197  -0.411457  5223.65      
1071       -1.573506  -0.030374  5223.65      
1072       -1.504565  -0.126259  5223.65      
1075       -1.454017  0.028356   5223.65      
1076       -1.513514  0.055572   5223.65      
1077       -1.463143  0.012746   5223.65      
1079       -1.467035  0.038569   5223.65      
1080       -1.467035  0.038569   5223.65      
1081       -1.468781  0.048750   5223.65      
1082       -1.476630  0.032739   5223.65      
1083       -1.479944  0.052760   5223.65      
1084       -1.479944  0.052760   5223.65      
1085       -1.498717  0.015633   5223.65      
1086       -1.491808  0.034715   5223.65      
1087       -1.461984  0.015660   5223.65      
1088       -1.461984  0.015660   5223.65      
1091       -1.461984  0.015660   5223.65      
1092       -1.470720  0.013650   5223.65      
1093       -1.488728  0.013663   5223.65      
1094       -1.479514  0.005049   5223.65      
1096       -1.448346  0.010048   5223.65      
1099       -1.499538  0.028160   5223.65      
1100       -1.458041  0.016940   5223.65      
1101       -1.478364  0.033196   5223.65      
1103       -1.478364  0.033196   5223.65      
1104       -1.460570  0.003705   5223.65      
1105       -1.462023  0.006885   5223.65      
1106       -1.480905  -0.002993  5223.65      
1123       -1.480905  -0.002993  5223.65      
1125       -1.480905  -0.002993  5223.65      
1126       -1.480905  -0.002993  5223.65      
1127       -1.480905  -0.002993  5223.65      
1129       -1.480905  -0.002993  5223.65      
1135       -1.480905  -0.002993  5223.65      
1136       -0.765617  -0.253650  5223.65      
1137       -0.744790  -0.276117  5223.65      
1147       -0.744790  -0.276117  5223.65      
1153       -0.744790  -0.276117  5223.65      
1154       -0.744790  -0.276117  5223.65      
1155       -1.055574  0.600035   5223.65      
1158       -1.068936  0.615453   5223.65      
1159       -1.096059  0.587111   5223.65      
1160       -1.076611  0.609721   5223.65      
1161       -1.076611  0.609721   5223.65      
1163       -1.076611  0.609721   5223.65      
1198       -1.076611  0.609721   5223.65      
1201       -1.223242  0.607498   5223.65      
1202       -1.215855  0.604343   5223.65      
1203       -1.231243  0.599772   5223.65      
1205       -1.255535  0.597197   5223.65      
1206       -1.212746  0.595022   5223.65      
1207       -1.217563  0.604341   5223.65      
1237       -1.217563  0.604341   5223.65      
1238       -1.211172  0.604077   5223.65      
1240       -1.203160  0.619700   5223.65      
1241       -1.192880  0.625818   5223.65      
1242       -1.195359  0.616041   5223.65      
1243       -1.203655  0.621632   5223.65      
1287       -1.241559  0.581955   5223.65      
1288       -1.241785  0.574203   5223.65      
1289       -1.241785  0.574203   5223.65      
1290       -1.238907  0.576284   5223.65      
1291       -1.241344  0.581248   5223.65      
1292       -1.241316  0.588120   5223.65      
1293       -1.239986  0.567595   5223.65      
1294       -1.239986  0.567595   5223.65      
1295       -1.243326  0.582146   5223.65      
1296       -1.233933  0.579221   5223.65      
1302       -1.227583  0.592504   5223.65      
1303       -1.223936  0.579282   5223.65      
1304       -1.229098  0.578015   5223.65      
1306       -1.229098  0.578015   5223.65      
1307       -1.233887  0.568892   5223.65      
1308       -1.231195  0.574651   5223.65      
1309       -1.237458  0.582969   5223.65      
1310       -1.227066  0.591320   5223.65      
1311       -1.231567  0.585505   5223.65      
1312       -1.231567  0.585505   5223.65      
1313       -1.236058  0.581199   5223.65      
1314       -1.245035  0.574963   5223.65      
1315       -1.244254  0.579958   5223.65      
1316       -1.241170  0.574151   5223.65      
1317       -1.241170  0.574151   5223.65      
1319       -1.239877  0.575663   5223.65      
1320       -1.234893  0.571862   5223.65      
1322       -1.243198  0.573458   5223.65      
1323       -1.233044  0.579675   5223.65      
1324       -1.233044  0.579675   5223.65      
1325       -1.241898  0.584655   5223.65      
1326       -1.241898  0.584655   5223.65      
1327       -1.241898  0.584655   5223.65      
1328       -1.248353  0.567568   5223.65      
1329       -1.248353  0.567568   5223.65      
1330       -1.248353  0.567568   5223.65      
1331       -1.235624  0.578385   5223.65      
1332       -1.242448  0.544052   5223.65      
1334       -1.247996  0.547193   5223.65      
1336       -1.245389  0.571596   5223.65      
1337       -1.243118  0.577824   5223.65      
1338       -1.238675  0.580348   5223.65      
1339       -1.238675  0.580348   5223.65      
1340       -1.236206  0.570262   5223.65      
1341       -1.240400  0.582055   5223.65      
1342       -1.240400  0.582055   5223.65      
1345       -1.240400  0.582055   5223.65      
1362       -1.359877  0.599694   5223.65      
1369       -1.359877  0.599694   5223.65      
1370       -1.360770  0.574276   5223.65      
1371       -1.323181  0.588946   5223.65      
1372       -1.321124  0.587924   5223.65      
1373       -1.317264  0.594041   5223.65      
1374       -1.316992  0.591405   5223.65      
1381       -1.316992  0.591405   5223.65      
1382       -1.328187  0.587874   5223.65      
1383       -1.329870  0.596833   5223.65      
1384       -1.326611  0.589736   5223.65      
1385       -1.332797  0.590707   5223.65      
1387       -1.332797  0.590707   5223.65      
1394       -1.321342  0.594756   5223.65      
1395       -1.322035  0.598593   5223.65      
1396       -1.320016  0.594327   5223.65      
1397       -1.324938  0.589749   5223.65      
1399       -1.324938  0.589749   5223.65      
1400       -1.317764  0.590743   5223.65      
1401       -1.317923  0.594212   5223.65      
1404       -1.330550  0.599732   5223.65      
1405       -1.331920  0.597714   5223.65      
1406       -1.331920  0.597714   5223.65      
1411       -1.331920  0.597714   5223.65      
1412       -1.326306  0.590881   5223.65      
1413       -1.325238  0.586213   5223.65      
1415       -1.322396  0.592154   5223.65      
1416       -1.321114  0.591041   5223.65      
1417       -1.321114  0.591041   5223.65      
1418       -1.321114  0.591041   5223.65      
1420       -1.319135  0.593646   5223.65      
1421       -1.323639  0.589098   5223.65      
1422       -1.319599  0.598744   5223.65      
1423       -1.325425  0.594240   5223.65      
1424       -1.322162  0.599773   5223.65      
1425       -1.322162  0.599773   5223.65      
1426       -1.312520  0.596161   5223.65      
1427       -1.311425  0.592236   5223.65      
1429       -1.313499  0.595166   5223.65      
1430       -1.315134  0.598686   5223.65      
1431       -1.315134  0.598686   5223.65      
1443       -1.308893  0.599518   5223.65      
1444       -1.309288  0.603260   5223.65      
1445       -1.307680  0.600200   5223.65      
1446       -1.307932  0.596023   5223.65      
1448       -1.307932  0.596023   5223.65      
1449       -1.296819  0.595002   5223.65      
1451       -1.296514  0.586107   5223.65      
1452       -1.302385  0.590726   5223.65      
1453       -1.304895  0.600331   5223.65      
1454       -1.304895  0.600331   5223.65      
1455       -1.312020  0.596650   5223.65      
1456       -1.312604  0.596931   5223.65      
1457       -1.312151  0.599045   5223.65      
1458       -1.307198  0.593813   5223.65      
1459       -1.307198  0.593813   5223.65      
1460       -1.303640  0.588604   5223.65      
1461       -1.299856  0.586211   5223.65      
1462       -1.298911  0.591671   5223.65      
1463       -1.298095  0.590631   5223.65      
1465       -1.298095  0.590631   5223.65      
1466       -1.297896  0.587351   5223.65      
1467       -1.300313  0.586536   5223.65      
1468       -1.302164  0.579865   5223.65      
1469       -1.302164  0.579865   5223.65      
1470       -1.296252  0.587018   5223.65      
1471       -1.297097  0.586815   5223.65      
1472       -1.297161  0.586963   5223.65      
1473       -1.297161  0.586963   5223.65      
1474       -1.299444  0.585838   5223.65      
1475       -1.302390  0.583124   5223.65      
1476       -1.303326  0.585611   5223.65      
1477       -1.303326  0.585611   5223.65      
1478       -1.302501  0.587579   5223.65      
1479       -1.299690  0.586868   5223.65      
1480       -1.299518  0.587967   5223.65      
1481       -1.299518  0.587967   5223.65      
1482       -1.305220  0.589005   5223.65      
1483       -1.361760  0.470339   5223.65      
1484       -1.309200  0.584321   5223.65      
1485       -1.305322  0.599936   5223.65      
1486       -1.305322  0.599936   5223.65      
1487       -1.301006  0.585676   5223.65      
1488       -1.295553  0.587267   5223.65      
1489       -1.298147  0.580295   5223.65      
1490       -1.298147  0.580295   5223.65      
1491       -1.301106  0.583494   5223.65      
1492       -1.295956  0.588129   5223.65      
1495       -1.297645  0.577765   5223.65      
1496       -1.297645  0.577765   5223.65      
1498       -1.297645  0.577765   5223.65      
1501       -1.297645  0.577765   5223.65      
1506       -1.323050  0.576786   5223.65      
1507       -1.321499  0.574472   5223.65      
1508       -1.312617  0.577327   5223.65      
1509       -1.312617  0.577327   5223.65      
1510       -1.318775  0.584094   5223.65      
1511       -1.322649  0.606952   5223.65      
1512       -1.323611  0.583929   5223.65      
1513       -1.321464  0.585425   5223.65      
1514       -1.321464  0.585425   5223.65      
1515       -1.321464  0.585425   5223.65      
1516       -1.309552  0.578630   5223.65      
2000       0          0          5223.65      
2001       0          0          5223.65      
2002       0          0          5223.65      
