1059       -1.908358  -0.521862  5178      
1062       -1.899151  -0.428290  5178      
1071       -1.854745  -0.018165  5178      
1072       -1.868407  -0.006911  5178      
1075       -1.812948  -0.043488  5178      
1076       -1.854058  0.189616   5178      
1077       -1.819563  -0.077882  5178      
1079       -1.819382  0.089602   5178      
1080       -2.283639  -3.250016  5178      
1081       -1.794665  -0.022953  5178      
1082       -1.807058  -0.107579  5178      
1083       -1.826253  0.101271   5178      
1084       -2.029700  -0.840095  5178      
1085       -1.830388  0.091118   5178      
1086       -1.818753  0.045357   5178      
1087       -1.816422  0.080045   5178      
1088       -2.160623  -2.836963  5178      
1091       -2.584760  -3.340922  5178      
1092       -1.795122  0.027173   5178      
1093       -1.822122  0.132144   5178      
1094       -1.806791  -0.223129  5178      
1096       -1.835566  -0.174288  5178      
1099       -1.799959  -0.115872  5178      
1100       -1.816375  0.006755   5178      
1101       -1.825795  -0.219442  5178      
1103       -2.332264  -1.285702  5178      
1104       -1.791384  -0.077379  5178      
1105       -1.804163  0.021777   5178      
1106       -1.793459  -0.019335  5178      
1123       -0.894915  -0.358795  5178      
1125       0.17732    -6.95296   5178      
1126       -0.868931  -0.263425  5178      
1127       -0.892663  -1.79354   5178      
1129       -0.991753  -1.78169   5178      
1130       -0.513068  -1.73183   5178      
1135       -0.938401  -1.51588   5178      
1136       -0.909585  -0.352599  5178      
1137       -0.920578  -0.361932  5178      
1147       -2.33852   5.82001    5178      
1153       -2.33447   -1.62901   5178      
1154       -1.29773   0.327257   5178      
1155       -1.23779   0.509187   5178      
1158       -1.23464   0.508752   5178      
1159       -1.2429    0.515509   5178      
1160       -1.2442    0.519055   5178      
1161       -1.38366   0.320186   5178      
1163       -2.22797   -1.96668   5178      
1197       -10.5714   -1.30166   5178      
1198       -1.51778   0.215979   5178      
1201       -1.40015   0.508197   5178      
1202       -1.39622   0.518394   5178      
1203       -1.38557   0.518716   5178      
1205       -1.38623   0.508406   5178      
1206       -1.38323   0.520825   5178      
1207       -1.38149   0.520227   5178      
1237       -1.44114   0.538104   5178      
1238       -1.36307   0.513066   5178      
1240       -1.35212   0.521198   5178      
1241       -1.35822   0.525084   5178      
1242       -1.34662   0.522425   5178      
1243       -1.35411   0.529983   5178      
1287       -1.38714   0.47884    5178      
1288       -1.40267   0.485006   5178      
1289       -1.69287   0.196776   5178      
1290       -1.396     0.479726   5178      
1291       -1.38888   0.485118   5178      
1292       -1.3958    0.493421   5178      
1293       -1.4026    0.47977    5178      
1294       -1.78584   0.1611     5178      
1295       -1.40128   0.486545   5178      
1296       -1.38952   0.494179   5178
1301       -1.39029   0.498327   5178      
1302       -1.39029   0.498327   5178      
1303       -1.38531   0.482386   5178      
1304       -1.37743   0.476745   5178      
1306       -1.71146   0.185807   5178      
1307       -1.38618   0.469342   5178      
1308       -1.37903   0.486419   5178      
1309       -1.39093   0.487708   5178      
1310       -1.38655   0.496715   5178      
1311       -1.38783   0.490829   5178      
1312       -1.68221   0.0964682  5178      
1313       -1.38825   0.487698   5178      
1314       -1.40447   0.477325   5178      
1315       -1.40013   0.485516   5178      
1316       -1.39754   0.48583    5178      
1317       -1.66417   -0.890048  5178      
1318       -2.35408   -1.57854   5178      
1319       -1.39177   0.48891    5178 
1320       -1.39177   0.48891    5178
1322       -1.39558   0.474867   5178      
1323       -1.38992   0.491951   5178      
1324       -1.74028   -1.11981   5178      
1325       -1.39825   0.485025   5178      
1326       -1.86438   0.0975948  5178      
1327       -1.6394    0.16794    5178      
1328       -1.39688   0.482261   5178      
1329       -1.59044   0.158794   5178      
1330       -1.83033   -0.790902  5178      
1331       -1.39923   0.485483   5178      
1332       -1.39717   0.451089   5178      
1334       -1.40319   0.454699   5178      
1336       -1.39745   0.481953   5178      
1337       -1.39792   0.491904   5178      
1338       -1.3934    0.486368   5178      
1339       -1.84384   0.963013   5178      
1340       -1.3943    0.48383    5178      
1341       -1.39824   0.483997   5178      
1342       4.78923    6.08077    5178      
1345       -0.92615   0.510511   5178      
1362       -1.48774   0.50779    5178      
1369       -1.46828   0.48903    5178      
1370       -1.49379   0.473      5178      
1371       -1.45424   0.497924   5178      
1372       -1.44301   0.493206   5178      
1373       -1.44583   0.50131    5178      
1374       -1.45277   0.501693   5178      
1381       -1.47311   0.503857   5178      
1382       -1.46359   0.505316   5178      
1383       -1.46016   0.504223   5178      
1384       -1.46931   0.499538   5178      
1385       -1.46781   0.497978   5178      
1387       -1.49636   0.456805   5178      
1390       -1.49636   0.456805   5178      
1394       -1.45754   0.506192   5178      
1395       -1.45871   0.502874   5178      
1396       -1.45791   0.510278   5178      
1397       -1.4535    0.499314   5178      
1399       -1.45082   0.486051   5178      
1400       -1.44537   0.498791   5178      
1401       -1.44534   0.507174   5178      
1404       -1.45686   0.509584   5178      
1405       -1.36971   0.367661   5178      
1406       8.69398    7.8348     5178      
1411       -1.46606   0.468138   5178      
1412       -1.44531   0.504568   5178      
1413       -1.43891   0.501384   5178      
1415       -1.44368   0.506135   5178      
1416       -1.45229   0.506641   5178      
1417       -2.24562   1.82969    5178      
1418       -1.4231    0.476834   5178      
1420       -1.44516   0.50571    5178      
1421       -1.44499   0.503104   5178      
1422       -1.44313   0.514578   5178      
1423       -1.45233   0.507438   5178      
1424       -1.45409   0.514645   5178      
1425       -1.45285   0.51319    5178      
1426       -1.43404   0.504863   5178      
1427       -1.43196   0.512121   5178      
1428       -1.43734   0.4691     5178      
1429       -1.43528   0.506161   5178      
1430       -1.44235   0.508843   5178      
1431       -1.46089   0.491384   5178      
1443       -1.44805   0.510457   5178      
1444       -1.44456   0.508957   5178      
1445       -1.43924   0.51057    5178      
1446       -1.43456   0.506896   5178      
1447       1.89671    -1.13473   5178      
1448       -1.46103   0.505923   5178      
1449       -1.4288    0.502382   5178      
1451       -1.4287    0.497397   5178      
1452       -1.43451   0.499607   5178      
1453       -1.43543   0.507813   5178      
1454       -1.47111   0.479983   5178      
1455       -1.44583   0.504706   5178      
1456       -1.44403   0.507983   5178      
1457       -1.44195   0.508141   5178      
1458       -1.44175   0.505299   5178      
1459       -1.43258   0.482459   5178      
1460       -1.43365   0.497174   5178      
1461       -1.43648   0.4969     5178      
1462       -1.43255   0.502644   5178      
1463       -1.4345    0.504417   5178      
1465       -1.42962   0.499353   5178      
1466       -1.43198   0.498262   5178      
1467       -1.43687   0.49543    5178      
1468       -1.43948   0.494304   5178      
1469       -1.44643   0.508978   5178      
1470       -1.4301    0.497762   5178      
1471       -1.42866   0.497078   5178      
1472       -1.43817   0.501833   5178      
1473       -1.42633   0.465609   5178      
1474       -1.42816   0.497197   5178      
1475       -1.4303    0.491279   5178      
1476       -1.42779   0.502416   5178      
1477       -1.44852   0.475408   5178      
1478       -1.433     0.496336   5178      
1479       -1.42522   0.496799   5178      
1480       -1.43422   0.498215   5178      
1481       -1.42319   0.453818   5178      
1482       -1.44006   0.498361   5178      
1483       -1.46817   0.355431   5178      
1484       -1.44323   0.491036   5178      
1485       -1.43745   0.508928   5178      
1486       -1.41455   0.502941   5178      
1487       -1.42945   0.493999   5178      
1488       -1.42613   0.495239   5178      
1489       -1.42996   0.491574   5178      
1490       -1.42183   0.469072   5178      
1491       -1.43322   0.493939   5178      
1492       -1.43223   0.502375   5178      
1495       -1.43187   0.490957   5178      
1496       -1.42046   0.490248   5178      
1498       -1.33262   1.18375    5178      
1501       -1.34964   1.19606    5178      
1502       5.28724    6.7007     5178      
1503       3.14854    0.629325   5178      
1506       -1.46011   0.490563   5178      
1507       -1.44755   0.489293   5178      
1508       -1.44774   0.480182   5178      
1509       -1.44888   0.465217   5178      
1510       -1.45011   0.494279   5178      
1511       -1.44945   0.510933   5178      
1512       -1.45962   0.496514   5178      
1513       -1.46126   0.494516   5178      
1514       -1.47406   0.479791   5178      
1515       -1.43988   0.518113   5178      
1516       -1.43425   0.49041    5178      
2000       0          0          5178      
2001       0          0          5178 
2002       0          0          5178 
