1 -1
2 -1
3 -1
4 -1
5 -1
6 -1
7 -1
8 -1
9 -1
10 -1
11 -1
12 -1
13 -1
14 -1
15 -1
16 -1
17 -1
18 -1
19 -1
20 -1
21 -1
22 -1
23 -1
24 -1
25 -1
26 -1
27 -1
28 -1
29 -1
30 -1
31 -1
32 0
33 0
34 0
35 0
36 0
37 4
38 4
39 4
40 5
41 5
42 5
43 5
44 5
45 7
46 7
47 7
48 7
49 7
50 9
51 9
52 9
53 9
54 9
55 11
56 11
57 11
58 11
59 11
60 -1
61 -1
62 0
63 0
64 0
65 0
66 0
67 4
68 4
69 4
70 5
71 5
72 5
73 5
74 5
75 7
76 7
77 7
78 7
79 7
80 9
81 9
82 9
83 9
84 9
85 11
86 11
87 11
88 11
89 11
90 -1
91 -1
92 0
93 0
94 0
95 0
96 0
97 4
98 4
99 4
100 6
101 6
102 6
103 6
104 6
105 8
106 8
107 8
108 8
109 8
110 10
111 10
112 10
113 10
114 10
115 11
116 11
117 11
118 11
119 11
120 -1
121 -1
122 0
123 0
124 0
125 0
126 0
127 4
128 4
129 4
130 6
131 6
132 6
133 6
134 6
135 8
136 8
137 8
138 8
139 8
140 10
141 10
142 10
143 10
144 10
145 11
146 11
147 11
148 11
149 11
150 -1
151 -1
152 0
153 0
154 0
155 0
156 0
157 1
158 1
159 1
160 1
161 1
162 1
163 1
164 2
165 2
166 2
167 2
168 3
169 3
170 3
171 3
172 3
173 3
174 3
175 11
176 11
177 11
178 11
179 11
180 -1
181 -1
182 36
183 36
184 36
185 36
186 35
205 12
206 15
207 15
208 15
209 15
210 -1
211 -1
212 36
213 36
214 36
215 36
216 35
235 12
236 15
237 15
238 15
239 15
240 -1
241 -1
242 36
243 36
244 36
245 36
246 35
265 12
266 15
267 15
268 15
269 15
270 -1
271 -1
272 37
273 37
274 37
275 37
276 35
295 12
296 16
297 16
298 16
299 16
300 -1
301 -1
302 37
303 37
304 37
305 37
306 35
325 12
326 16
327 16
328 16
329 16
330 -1
331 -1
332 37
333 37
334 37
335 37
336 35
355 12
356 17
357 17
358 17
359 17
360 -1
361 -1
362 38
363 38
364 38
365 38
366 35
385 12
386 17
387 17
388 17
389 17
390 -1
391 -1
392 38
393 38
394 38
395 38
396 34
415 13
416 17
417 17
418 17
419 17
420 -1
421 -1
422 38
423 38
424 38
425 38
426 34
445 13
446 18
447 18
448 18
449 18
450 -1
451 -1
452 39
453 39
454 39
455 39
456 34
475 13
476 18
477 18
478 18
479 18
480 -1
481 -1
482 39
483 39
484 39
485 39
486 34
505 13
506 19
507 19
508 19
509 19
510 -1
511 -1
512 39
513 39
514 39
515 39
516 33
535 14
536 19
537 19
538 19
539 19
540 -1
541 -1
542 40
543 40
544 40
545 40
546 33
565 14
566 19
567 19
568 19
569 19
570 -1
571 -1
572 40
573 40
574 40
575 40
576 33
595 14
596 20
597 20
598 20
599 20
600 -1
601 -1
602 40
603 40
604 40
605 40
606 33
625 14
626 20
627 20
628 20
629 20
630 -1
631 -1
632 41
633 41
634 41
635 41
636 33
655 14
656 21
657 21
658 21
659 21
660 -1
661 -1
662 41
663 41
664 41
665 41
666 33
685 14
686 21
687 21
688 21
689 21
690 -1
691 -1
692 41
693 41
694 41
695 41
696 33
715 14
716 21
717 21
718 21
719 21
720 -1
721 -1
722 32
723 32
724 32
725 32
726 32
727 23
728 23
729 23
730 23
731 23
732 23
733 23
734 24
735 24
736 24
737 24
738 25
739 25
740 25
741 25
742 25
743 25
744 25
745 -1
746 22
747 22
748 22
749 22
750 -1
751 -1
752 32
753 32
754 32
755 32
756 32
757 26
758 26
759 26
760 27
761 27
762 27
763 28
764 28
765 28
766 29
767 29
768 29
769 30
770 30
771 30
772 31
773 31
774 -1
775 -1
776 -1
777 22
778 22
779 22
780 -1
781 -1
782 32
783 32
784 32
785 32
786 32
787 26
788 26
789 26
790 27
791 27
792 27
793 28
794 28
795 28
796 29
797 29
798 29
799 30
800 30
801 30
802 31
803 31
804 31
805 -1
806 22
807 22
808 22
809 22
810 -1
811 -1
812 32
813 32
814 32
815 32
816 32
817 26
818 26
819 26
820 27
821 27
822 27
823 28
824 28
825 28
826 29
827 29
828 29
829 30
830 30
831 30
832 31
833 31
834 31
835 22
836 22
837 22
838 22
839 22
840 -1
841 -1
842 32
843 32
844 32
845 32
846 32
847 26
848 26
849 26
850 27
851 27
852 27
853 28
854 28
855 28
856 29
857 29
858 29
859 30
860 30
861 30
862 31
863 31
864 31
865 22
866 22
867 22
868 22
869 22
870 -1
871 -1
872 -1
873 -1
874 -1
875 -1
876 -1
877 -1
878 -1
879 -1
880 -1
881 -1
882 -1
883 -1
884 -1
885 -1
886 -1
887 -1
888 -1
889 -1
890 -1
891 -1
892 -1
893 -1
894 -1
895 -1
896 -1
897 -1
898 -1
899 -1
900 -1
1001 42
1002 42
1003 42
1004 42
1005 42
1006 42
1007 42
1008 42
1009 42
1010 42
1011 42
1012 42
1013 43
1014 43
1015 43
1016 43
1017 43
1018 43
1019 43
1020 43
1021 43
1022 44
1023 44
1024 44
1025 44
1026 44
1027 44
1028 44
1029 44
1030 44
1031 44
1032 44
1033 44
1034 45
1035 50
1036 53
1037 53
1038 53
1039 54
1040 54
1041 54
1042 55
1043 55
1044 55
1045 56
1046 56
1047 56
1048 57
1049 57
1050 57
1051 58
1052 58
1053 59
1054 59
1055 59
1056 60
1057 60
1058 60
1059 61
1060 61
1061 61
1062 62
1063 62
1064 62
1065 63
1066 63
1067 63
1068 45
1069 50
1070 53
1071 53
1072 53
1073 54
1074 54
1075 54
1076 55
1077 55
1078 55
1079 56
1080 56
1081 56
1082 57
1083 57
1084 57
1085 58
1086 58
1087 59
1088 59
1089 59
1090 60
1091 60
1092 60
1093 61
1094 61
1095 61
1096 62
1097 62
1098 62
1099 63
1100 63
1101 63
1102 45
1103 50
1104 53
1105 53
1106 53
1107 54
1108 54
1109 54
1110 55
1111 55
1112 55
1113 56
1114 56
1115 56
1116 57
1117 57
1118 57
1119 58
1120 58
1121 59
1122 59
1123 59
1124 60
1125 60
1126 60
1127 61
1128 61
1129 61
1130 62
1131 62
1132 62
1133 63
1134 63
1135 63
1136 45
1137 50
1138 92
1139 92
1140 92
1141 93
1142 93
1143 94
1144 94
1145 95
1146 95
1147 96
1148 96
1149 97
1150 97
1151 98
1152 98
1153 99
1154 99
1155 100
1156 100
1157 101
1158 101
1159 102
1160 102
1161 103
1162 103
1163 104
1164 104
1165 105
1166 105
1167 64
1168 64
1169 64
1170 45
1171 50
1172 92
1173 92
1174 92
1175 93
1176 93
1177 94
1178 94
1179 95
1180 95
1181 96
1182 96
1183 97
1184 97
1185 98
1186 98
1187 99
1188 99
1189 100
1190 100
1191 101
1192 101
1193 102
1194 102
1195 103
1196 103
1197 104
1198 104
1199 105
1200 105
1201 64
1202 64
1203 64
1204 45
1205 50
1206 92
1207 92
1208 92
1209 106
1210 106
1211 107
1212 107
1213 108
1214 108
1215 109
1216 109
1217 110
1218 110
1219 111
1220 111
1221 112
1222 112
1223 113
1224 113
1225 114
1226 114
1227 115
1228 115
1229 116
1230 116
1231 117
1232 117
1233 118
1234 118
1235 64
1236 64
1237 64
1238 45
1239 50
1240 91
1241 91
1242 91
1243 106
1244 106
1245 107
1246 107
1247 108
1248 108
1249 109
1250 109
1251 110
1252 110
1253 111
1254 111
1255 112
1256 112
1257 113
1258 113
1259 114
1260 114
1261 115
1262 115
1263 116
1264 116
1265 117
1266 117
1267 118
1268 118
1269 65
1270 65
1271 65
1272 45
1273 50
1274 91
1275 91
1276 91
1277 119
1278 119
1279 120
1280 120
1281 121
1282 121
1283 122
1284 122
1285 123
1286 123
1287 124
1288 124
1289 125
1290 125
1291 126
1292 126
1293 127
1294 127
1295 128
1296 128
1297 129
1298 129
1299 130
1300 130
1301 131
1302 131
1303 65
1304 65
1305 65
1306 45
1307 50
1308 91
1309 91
1310 91
1311 119
1312 119
1313 120
1314 120
1315 121
1316 121
1317 122
1318 122
1319 123
1320 123
1321 124
1322 124
1323 125
1324 125
1325 126
1326 126
1327 127
1328 127
1329 128
1330 128
1331 129
1332 129
1333 130
1334 130
1335 131
1336 131
1337 65
1338 65
1339 65
1340 45
1341 50
1342 90
1343 90
1344 90
1345 132
1346 132
1347 133
1348 133
1349 134
1350 134
1351 135
1352 136
1353 137
1354 138
1355 139
1356 140
1357 141
1358 142
1359 143
1360 144
1361 145
1362 146
1363 147
1364 148
1365 163
1366 163
1367 164
1368 164
1369 165
1370 165
1371 66
1372 66
1373 66
1374 45
1375 50
1376 90
1377 90
1378 90
1379 132
1380 132
1381 133
1382 133
1383 134
1384 134
1385 149
1386 150
1387 151
1388 152
1389 153
1390 154
1391 155
1392 156
1393 157
1394 158
1395 159
1396 160
1397 161
1398 162
1399 163
1400 163
1401 164
1402 164
1403 165
1404 165
1405 66
1406 66
1407 66
1408 45
1409 50
1410 90
1411 90
1412 90
1413 166
1414 166
1415 167
1416 167
1417 168
1418 168
1419 169
1420 170
1421 171
1422 172
1423 173
1424 174
1425 175
1426 176
1427 177
1428 178
1429 179
1430 180
1431 181
1432 182
1433 197
1434 197
1435 198
1436 198
1437 199
1438 199
1439 66
1440 66
1441 66
1442 46
1443 51
1444 89
1445 89
1446 89
1447 166
1448 166
1449 167
1450 167
1451 168
1452 168
1453 183
1454 184
1455 185
1456 186
1457 187
1458 188
1459 189
1460 190
1461 191
1462 192
1463 193
1464 194
1465 195
1466 196
1467 197
1468 197
1469 198
1470 198
1471 199
1472 199
1473 67
1474 67
1475 67
1476 46
1477 51
1478 89
1479 89
1480 89
1481 200
1482 200
1483 201
1484 201
1485 202
1486 202
1487 203
1488 204
1489 205
1490 206
1491 207
1492 208
1493 209
1494 210
1495 211
1496 212
1497 213
1498 214
1499 215
1500 216
1501 227
1502 227
1503 228
1504 228
1505 229
1506 229
1507 67
1508 67
1509 67
1510 46
1511 51
1512 89
1513 89
1514 89
1515 200
1516 200
1517 201
1518 201
1519 202
1520 202
1521 217
1522 218
1523 219
1524 220
1525 221
1526 -1
1527 -1
1528 -1
1529 -1
1530 222
1531 223
1532 224
1533 225
1534 226
1535 227
1536 227
1537 228
1538 228
1539 229
1540 229
1541 67
1542 67
1543 67
1544 46
1545 51
1546 88
1547 88
1548 88
1549 230
1550 230
1551 231
1552 231
1553 232
1554 232
1555 233
1556 234
1557 235
1558 236
1559 237
1560 -1
1563 -1
1564 238
1565 239
1566 240
1567 241
1568 242
1569 253
1570 253
1571 254
1572 254
1573 255
1574 255
1575 68
1576 68
1577 68
1578 46
1579 51
1580 88
1581 88
1582 88
1583 230
1584 230
1585 231
1586 231
1587 232
1588 232
1589 243
1590 244
1591 245
1592 246
1593 247
1594 -1
1597 -1
1598 248
1599 249
1600 250
1601 251
1602 252
1603 253
1604 253
1605 254
1606 254
1607 255
1608 255
1609 68
1610 68
1611 68
1612 46
1613 51
1614 87
1615 87
1616 87
1617 256
1618 256
1619 257
1620 257
1621 258
1622 258
1623 259
1624 260
1625 261
1626 262
1627 263
1628 -1
1629 -1
1630 -1
1631 -1
1632 264
1633 265
1634 266
1635 267
1636 268
1637 283
1638 283
1639 284
1640 284
1641 285
1642 285
1643 69
1644 69
1645 69
1646 46
1647 51
1648 87
1649 87
1650 87
1651 256
1652 256
1653 257
1654 257
1655 258
1656 258
1657 269
1658 270
1659 271
1660 272
1661 273
1662 274
1663 275
1664 276
1665 277
1666 278
1667 279
1668 280
1669 281
1670 282
1671 283
1672 283
1673 284
1674 284
1675 285
1676 285
1677 69
1678 69
1679 69
1680 46
1681 51
1682 87
1683 87
1684 87
1685 286
1686 286
1687 287
1688 287
1689 288
1690 288
1691 289
1692 290
1693 291
1694 292
1695 293
1696 294
1697 295
1698 296
1699 297
1700 298
1701 299
1702 300
1703 301
1704 302
1705 317
1706 317
1707 318
1708 318
1709 319
1710 319
1711 69
1712 69
1713 69
1714 46
1715 51
1716 86
1717 86
1718 86
1719 286
1720 286
1721 287
1722 287
1723 288
1724 288
1725 303
1726 304
1727 305
1728 306
1729 307
1730 308
1731 309
1732 310
1733 311
1734 312
1735 313
1736 314
1737 315
1738 316
1739 317
1740 317
1741 318
1742 318
1743 319
1744 319
1745 70
1746 70
1747 70
1748 47
1749 52
1750 86
1751 86
1752 86
1753 320
1754 320
1755 321
1756 321
1757 322
1758 322
1759 323
1760 324
1761 325
1762 326
1763 327
1764 328
1765 329
1766 330
1767 331
1768 332
1769 333
1770 334
1771 335
1772 336
1773 350
1774 350
1775 351
1776 351
1777 352
1778 352
1779 70
1780 70
1781 70
1782 47
1783 52
1784 86
1785 86
1786 86
1787 320
1788 320
1789 321
1790 321
1791 322
1792 322
1793 337
1794 338
1795 339
1796 340
1797 341
1798 342
1799 343
1800 344
1801 -1
1802 345
1803 346
1804 347
1805 348
1806 349
1807 350
1808 350
1809 351
1810 351
1811 352
1812 352
1813 70
1814 70
1815 70
1816 47
1817 52
1818 85
1819 85
1820 85
1821 353
1822 353
1823 354
1824 354
1825 355
1826 355
1827 356
1828 356
1829 357
1830 357
1831 358
1832 358
1833 359
1834 -1
1835 -1
1836 -1
1837 362
1838 362
1839 363
1840 363
1841 364
1842 364
1843 365
1844 365
1845 366
1846 366
1847 71
1848 71
1849 71
1850 47
1851 52
1852 85
1853 85
1854 85
1855 353
1856 -1
1857 -1
1858 -1
1859 355
1860 355
1861 356
1862 356
1863 357
1864 357
1865 358
1866 358
1867 359
1868 360
1869 -1
1870 361
1871 362
1872 362
1873 363
1874 363
1875 364
1876 364
1877 365
1878 365
1879 366
1880 366
1881 71
1882 71
1883 71
1884 47
1885 52
1886 85
1887 85
1888 85
1889 367
1890 -1
1891 -1
1892 -1
1893 368
1894 368
1895 369
1896 369
1897 370
1898 370
1899 371
1900 371
1901 372
1902 372
1903 373
1904 373
1905 374
1906 374
1907 375
1908 375
1909 376
1910 376
1911 377
1912 377
1913 378
1914 378
1915 71
1916 71
1917 71
1918 47
1919 52
1920 84
1921 84
1922 84
1923 367
1924 -1
1925 -1
1926 -1
1927 368
1928 368
1929 369
1930 369
1931 370
1932 370
1933 371
1934 371
1935 372
1936 372
1937 373
1938 373
1939 374
1940 374
1941 375
1942 375
1943 376
1944 376
1945 377
1946 377
1947 378
1948 378
1949 72
1950 72
1951 72
1952 47
1953 52
1954 84
1955 84
1956 84
1957 379
1958 379
1959 380
1960 380
1961 381
1962 381
1963 382
1964 382
1965 383
1966 383
1967 384
1968 384
1969 385
1970 385
1971 386
1972 386
1973 387
1974 387
1975 388
1976 388
1977 389
1978 389
1979 390
1980 390
1981 391
1982 391
1983 72
1984 72
1985 72
1986 47
1987 52
1988 84
1989 84
1990 84
1991 379
1992 379
1993 380
1994 380
1995 381
1996 381
1997 382
1998 382
1999 383
2000 383
2001 384
2002 384
2003 385
2004 385
2005 386
2006 386
2007 387
2008 387
2009 388
2010 388
2011 389
2012 389
2013 390
2014 390
2015 391
2016 391
2017 72
2018 72
2019 72
2020 47
2021 52
2022 83
2023 83
2024 83
2025 82
2026 82
2027 82
2028 81
2029 81
2030 81
2031 80
2032 80
2033 80
2034 79
2035 79
2036 79
2037 78
2038 78
2039 77
2040 77
2041 77
2042 76
2043 76
2044 76
2045 75
2046 75
2047 75
2048 74
2049 74
2050 74
2051 73
2052 73
2053 73
2054 47
2055 52
2056 83
2057 83
2058 83
2059 82
2060 82
2061 82
2062 81
2063 81
2064 81
2065 80
2066 80
2067 80
2068 79
2069 79
2070 79
2071 78
2072 78
2073 77
2074 77
2075 77
2076 76
2077 76
2078 76
2079 75
2080 75
2081 75
2082 74
2083 74
2084 74
2085 73
2086 73
2087 73
2088 47
2089 52
2090 83
2091 83
2092 83
2093 82
2094 82
2095 82
2096 81
2097 81
2098 81
2099 80
2100 80
2101 80
2102 79
2103 79
2104 79
2105 78
2106 78
2107 77
2108 77
2109 77
2110 76
2111 76
2112 76
2113 75
2114 75
2115 75
2116 74
2117 74
2118 74
2119 73
2120 73
2121 73
2122 47
2123 52
2124 48
2125 48
2126 48
2127 48
2128 48
2129 48
2130 48
2131 48
2132 48
2133 48
2134 48
2135 48
2136 49
2137 49
2138 49
2139 49
2140 49
2141 49
2142 49
2143 49
2144 49
2145 49
2146 49
2147 49
2148 49
2149 49
2150 49
2151 49
2152 49
2153 49
2154 49
2155 49
2156 49
