1 -1
2 -1
3 -1
4 -1
5 -1
6 -1
7 -1
8 -1
9 -1
10 -1
11 -1
12 -1
13 -1
14 -1
15 -1
16 -1
17 -1
18 -1
19 -1
20 -1
21 -1
22 -1
23 -1
24 -1
25 -1
26 -1
27 -1
28 -1
29 -1
30 -1
31 -1
32 -1
33 -1
34 -1
35 -1
36 -1
37 -1
38 -1
39 -1
40 -1
41 -1
42 -1
43 -1
44 -1
45 -1
46 -1
47 -1
48 -1
49 -1
50 -1
51 -1
52 -1
53 -1
54 -1
55 -1
56 -1
57 -1
58 -1
59 -1
60 -1
61 -1
62 -1
63 -1
64 -1
65 -1
66 -1
67 -1
68 -1
69 -1
70 -1
71 -1
72 -1
73 -1
74 -1
75 -1
76 -1
77 -1
78 -1
79 -1
80 -1
81 -1
82 -1
83 -1
84 -1
85 -1
86 -1
87 -1
88 -1
89 -1
90 -1
91 -1
92 -1
93 -1
94 -1
95 -1
96 -1
97 -1
98 -1
99 -1
100 -1
101 -1
102 -1
103 -1
104 -1
105 -1
106 -1
107 -1
108 -1
109 -1
110 -1
111 -1
112 -1
113 -1
114 -1
115 -1
116 -1
117 -1
118 -1
119 -1
120 -1
121 -1
122 -1
123 -1
124 -1
125 -1
126 -1
127 -1
128 -1
129 -1
130 -1
131 -1
132 -1
133 -1
134 -1
135 -1
136 -1
137 -1
138 -1
139 -1
140 -1
141 -1
142 -1
143 -1
144 -1
145 -1
146 -1
147 -1
148 -1
149 -1
150 -1
151 -1
152 -1
153 -1
154 -1
155 -1
156 -1
157 -1
158 -1
159 -1
160 -1
161 -1
162 -1
163 -1
164 -1
165 -1
166 -1
167 -1
168 -1
169 -1
170 -1
171 -1
172 -1
173 -1
174 -1
175 -1
176 -1
177 -1
178 -1
179 -1
180 -1
181 -1
182 -1
183 -1
184 -1
185 -1
186 -1
205 -1
206 -1
207 -1
208 -1
209 -1
210 -1
211 -1
212 -1
213 -1
214 -1
215 -1
216 -1
235 -1
236 -1
237 -1
238 -1
239 -1
240 -1
241 -1
242 -1
243 -1
244 -1
245 -1
246 -1
265 -1
266 -1
267 -1
268 -1
269 -1
270 -1
271 -1
272 -1
273 -1
274 -1
275 -1
276 -1
295 -1
296 -1
297 -1
298 -1
299 -1
300 -1
301 -1
302 -1
303 -1
304 -1
305 -1
306 -1
325 -1
326 -1
327 -1
328 -1
329 -1
330 -1
331 -1
332 -1
333 -1
334 -1
335 -1
336 -1
355 -1
356 -1
357 -1
358 -1
359 -1
360 -1
361 -1
362 -1
363 -1
364 -1
365 -1
366 -1
385 -1
386 -1
387 -1
388 -1
389 -1
390 -1
391 -1
392 -1
393 -1
394 -1
395 -1
396 -1
415 -1
416 -1
417 -1
418 -1
419 -1
420 -1
421 -1
422 -1
423 -1
424 -1
425 -1
426 -1
445 -1
446 -1
447 -1
448 -1
449 -1
450 -1
451 -1
452 -1
453 -1
454 -1
455 -1
456 -1
475 -1
476 -1
477 -1
478 -1
479 -1
480 -1
481 -1
482 -1
483 -1
484 -1
485 -1
486 -1
505 -1
506 -1
507 -1
508 -1
509 -1
510 -1
511 -1
512 -1
513 -1
514 -1
515 -1
516 -1
535 -1
536 -1
537 -1
538 -1
539 -1
540 -1
541 -1
542 -1
543 -1
544 -1
545 -1
546 -1
565 -1
566 -1
567 -1
568 -1
569 -1
570 -1
571 -1
572 -1
573 -1
574 -1
575 -1
576 -1
595 -1
596 -1
597 -1
598 -1
599 -1
600 -1
601 -1
602 -1
603 -1
604 -1
605 -1
606 -1
625 -1
626 -1
627 -1
628 -1
629 -1
630 -1
631 -1
632 -1
633 -1
634 -1
635 -1
636 -1
655 -1
656 -1
657 -1
658 -1
659 -1
660 -1
661 -1
662 -1
663 -1
664 -1
665 -1
666 -1
685 -1
686 -1
687 -1
688 -1
689 -1
690 -1
691 -1
692 -1
693 -1
694 -1
695 -1
696 -1
715 -1
716 -1
717 -1
718 -1
719 -1
720 -1
721 -1
722 -1
723 -1
724 -1
725 -1
726 -1
727 -1
728 -1
729 -1
730 -1
731 -1
732 -1
733 -1
734 -1
735 -1
736 -1
737 -1
738 -1
739 -1
740 -1
741 -1
742 -1
743 -1
744 -1
745 -1
746 -1
747 -1
748 -1
749 -1
750 -1
751 -1
752 -1
753 -1
754 -1
755 -1
756 -1
757 -1
758 -1
759 -1
760 -1
761 -1
762 -1
763 -1
764 -1
765 -1
766 -1
767 -1
768 -1
769 -1
770 -1
771 -1
772 -1
773 -1
774 -1
775 -1
776 -1
777 -1
778 -1
779 -1
780 -1
781 -1
782 -1
783 -1
784 -1
785 -1
786 -1
787 -1
788 -1
789 -1
790 -1
791 -1
792 -1
793 -1
794 -1
795 -1
796 -1
797 -1
798 -1
799 -1
800 -1
801 -1
802 -1
803 -1
804 -1
805 -1
806 -1
807 -1
808 -1
809 -1
810 -1
811 -1
812 -1
813 -1
814 -1
815 -1
816 -1
817 -1
818 -1
819 -1
820 -1
821 -1
822 -1
823 -1
824 -1
825 -1
826 -1
827 -1
828 -1
829 -1
830 -1
831 -1
832 -1
833 -1
834 -1
835 -1
836 -1
837 -1
838 -1
839 -1
840 -1
841 -1
842 -1
843 -1
844 -1
845 -1
846 -1
847 -1
848 -1
849 -1
850 -1
851 -1
852 -1
853 -1
854 -1
855 -1
856 -1
857 -1
858 -1
859 -1
860 -1
861 -1
862 -1
863 -1
864 -1
865 -1
866 -1
867 -1
868 -1
869 -1
870 -1
871 -1
872 -1
873 -1
874 -1
875 -1
876 -1
877 -1
878 -1
879 -1
880 -1
881 -1
882 -1
883 -1
884 -1
885 -1
886 -1
887 -1
888 -1
889 -1
890 -1
891 -1
892 -1
893 -1
894 -1
895 -1
896 -1
897 -1
898 -1
899 -1
900 -1
1001 -1
1002 -1
1003 -1
1004 -1
1005 -1
1006 -1
1007 -1
1008 -1
1009 -1
1010 -1
1011 -1
1012 -1
1013 -1
1014 -1
1015 -1
1016 -1
1017 -1
1018 -1
1019 -1
1020 -1
1021 -1
1022 -1
1023 -1
1024 -1
1025 -1
1026 -1
1027 -1
1028 -1
1029 -1
1030 -1
1031 -1
1032 -1
1033 -1
1034 -1
1035 -1
1036 -1
1037 -1
1038 -1
1039 -1
1040 -1
1041 -1
1042 -1
1043 -1
1044 -1
1045 -1
1046 -1
1047 -1
1048 -1
1049 -1
1050 -1
1051 -1
1052 -1
1053 -1
1054 -1
1055 -1
1056 -1
1057 -1
1058 -1
1059 -1
1060 -1
1061 -1
1062 -1
1063 -1
1064 -1
1065 -1
1066 -1
1067 -1
1068 -1
1069 -1
1070 -1
1071 -1
1072 -1
1073 -1
1074 -1
1075 -1
1076 -1
1077 -1
1078 -1
1079 -1
1080 -1
1081 -1
1082 -1
1083 -1
1084 -1
1085 -1
1086 -1
1087 -1
1088 -1
1089 -1
1090 -1
1091 -1
1092 -1
1093 -1
1094 -1
1095 -1
1096 -1
1097 -1
1098 -1
1099 -1
1100 -1
1101 -1
1102 -1
1103 -1
1104 -1
1105 -1
1106 -1
1107 -1
1108 -1
1109 -1
1110 -1
1111 -1
1112 -1
1113 -1
1114 -1
1115 -1
1116 -1
1117 -1
1118 -1
1119 -1
1120 -1
1121 -1
1122 -1
1123 -1
1124 -1
1125 -1
1126 -1
1127 -1
1128 -1
1129 -1
1130 -1
1131 -1
1132 -1
1133 -1
1134 -1
1135 -1
1136 -1
1137 -1
1138 -1
1139 -1
1140 -1
1141 -1
1142 -1
1143 -1
1144 -1
1145 -1
1146 -1
1147 -1
1148 -1
1149 -1
1150 -1
1151 -1
1152 -1
1153 -1
1154 -1
1155 -1
1156 -1
1157 -1
1158 -1
1159 -1
1160 -1
1161 -1
1162 -1
1163 -1
1164 -1
1165 -1
1166 -1
1167 -1
1168 -1
1169 -1
1170 -1
1171 -1
1172 -1
1173 -1
1174 -1
1175 -1
1176 -1
1177 -1
1178 -1
1179 -1
1180 -1
1181 -1
1182 -1
1183 -1
1184 0
1185 1
1186 2
1187 3
1188 4
1189 5
1190 6
1191 7
1192 -1
1193 -1
1194 -1
1195 -1
1196 -1
1197 -1
1198 -1
1199 -1
1200 -1
1201 -1
1202 -1
1203 -1
1204 -1
1205 -1
1206 -1
1207 -1
1208 -1
1209 -1
1210 -1
1211 -1
1212 -1
1213 -1
1214 -1
1215 -1
1216 8
1217 9
1218 10
1219 11
1220 12
1221 13
1222 14
1223 15
1224 16
1225 17
1226 18
1227 19
1228 -1
1229 -1
1230 -1
1231 -1
1232 -1
1233 -1
1234 -1
1235 -1
1236 -1
1237 -1
1238 -1
1239 -1
1240 -1
1241 -1
1242 -1
1243 -1
1244 -1
1245 -1
1246 -1
1247 -1
1248 20
1249 21
1250 22
1251 23
1252 24
1253 25
1254 26
1255 27
1256 28
1257 29
1258 30
1259 31
1260 32
1261 33
1262 34
1263 35
1264 -1
1265 -1
1266 -1
1267 -1
1268 -1
1269 -1
1270 -1
1271 -1
1272 -1
1273 -1
1274 -1
1275 -1
1276 -1
1277 -1
1278 -1
1279 -1
1280 -1
1281 36
1282 37
1283 38
1284 39
1285 40
1286 41
1287 42
1288 43
1289 44
1290 45
1291 46
1292 47
1293 48
1294 49
1295 50
1296 51
1297 52
1298 53
1299 -1
1300 -1
1301 -1
1302 -1
1303 -1
1304 -1
1305 -1
1306 -1
1307 -1
1308 -1
1309 -1
1310 -1
1311 -1
1312 -1
1313 -1
1314 54
1315 55
1316 56
1317 57
1318 58
1319 59
1320 60
1321 61
1322 62
1323 63
1324 64
1325 65
1326 66
1327 67
1328 68
1329 69
1330 70
1331 71
1332 72
1333 73
1334 -1
1335 -1
1336 -1
1337 -1
1338 -1
1339 -1
1340 -1
1341 -1
1342 -1
1343 -1
1344 -1
1345 -1
1346 -1
1347 -1
1348 74
1349 75
1350 76
1351 77
1352 78
1353 79
1354 80
1355 81
1356 82
1357 83
1358 84
1359 85
1360 86
1361 87
1362 88
1363 89
1364 90
1365 91
1366 92
1367 93
1368 -1
1369 -1
1370 -1
1371 -1
1372 -1
1373 -1
1374 -1
1375 -1
1376 -1
1377 -1
1378 -1
1379 -1
1380 -1
1381 94
1382 95
1383 96
1384 97
1385 98
1386 99
1387 100
1388 101
1389 102
1390 103
1391 104
1392 105
1393 106
1394 107
1395 108
1396 109
1397 110
1398 111
1399 112
1400 113
1401 114
1402 115
1403 -1
1404 -1
1405 -1
1406 -1
1407 -1
1408 -1
1409 -1
1410 -1
1411 -1
1412 -1
1413 -1
1414 -1
1415 116
1416 117
1417 118
1418 119
1419 120
1420 121
1421 122
1422 123
1423 124
1424 125
1425 126
1426 127
1427 128
1428 129
1429 130
1430 131
1431 132
1432 133
1433 134
1434 135
1435 136
1436 137
1437 -1
1438 -1
1439 -1
1440 -1
1441 -1
1442 -1
1443 -1
1444 -1
1445 -1
1446 -1
1447 -1
1448 138
1449 139
1450 140
1451 141
1452 142
1453 143
1454 144
1455 145
1456 146
1457 147
1458 148
1459 149
1460 150
1461 151
1462 152
1463 153
1464 154
1465 155
1466 156
1467 157
1468 158
1469 159
1470 160
1471 161
1472 -1
1473 -1
1474 -1
1475 -1
1476 -1
1477 -1
1478 -1
1479 -1
1480 -1
1481 -1
1482 162
1483 163
1484 164
1485 165
1486 166
1487 167
1488 168
1489 169
1490 170
1491 171
1492 172
1493 173
1494 174
1495 175
1496 176
1497 177
1498 178
1499 179
1500 180
1501 181
1502 182
1503 183
1504 184
1505 185
1506 -1
1507 -1
1508 -1
1509 -1
1510 -1
1511 -1
1512 -1
1513 -1
1514 -1
1515 -1
1516 186
1517 187
1518 188
1519 189
1520 190
1521 191
1522 192
1523 193
1524 194
1525 195
1526 -1
1527 -1
1528 -1
1529 -1
1530 196
1531 197
1532 198
1533 199
1534 200
1535 201
1536 202
1537 203
1538 204
1539 205
1540 -1
1541 -1
1542 -1
1543 -1
1544 -1
1545 -1
1546 -1
1547 -1
1548 -1
1549 -1
1550 206
1551 207
1552 208
1553 209
1554 210
1555 211
1556 212
1557 213
1558 214
1559 215
1560 -1
1563 -1
1564 216
1565 217
1566 218
1567 219
1568 220
1569 221
1570 222
1571 223
1572 224
1573 225
1574 -1
1575 -1
1576 -1
1577 -1
1578 -1
1579 -1
1580 -1
1581 -1
1582 -1
1583 -1
1584 226
1585 227
1586 228
1587 229
1588 230
1589 231
1590 232
1591 233
1592 234
1593 235
1594 -1
1597 -1
1598 236
1599 237
1600 238
1601 239
1602 240
1603 241
1604 242
1605 243
1606 244
1607 245
1608 -1
1609 -1
1610 -1
1611 -1
1612 -1
1613 -1
1614 -1
1615 -1
1616 -1
1617 -1
1618 246
1619 247
1620 248
1621 249
1622 250
1623 251
1624 252
1625 253
1626 254
1627 255
1628 -1
1629 -1
1630 -1
1631 -1
1632 256
1633 257
1634 258
1635 259
1636 260
1637 261
1638 262
1639 263
1640 264
1641 265
1642 -1
1643 -1
1644 -1
1645 -1
1646 -1
1647 -1
1648 -1
1649 -1
1650 -1
1651 -1
1652 266
1653 267
1654 268
1655 269
1656 270
1657 271
1658 272
1659 273
1660 274
1661 275
1662 276
1663 277
1664 278
1665 279
1666 280
1667 281
1668 282
1669 283
1670 284
1671 285
1672 286
1673 287
1674 288
1675 289
1676 -1
1677 -1
1678 -1
1679 -1
1680 -1
1681 -1
1682 -1
1683 -1
1684 -1
1685 -1
1686 290
1687 291
1688 292
1689 293
1690 294
1691 295
1692 296
1693 297
1694 298
1695 299
1696 300
1697 301
1698 302
1699 303
1700 304
1701 305
1702 306
1703 307
1704 308
1705 309
1706 310
1707 311
1708 312
1709 313
1710 -1
1711 -1
1712 -1
1713 -1
1714 -1
1715 -1
1716 -1
1717 -1
1718 -1
1719 -1
1720 -1
1721 314
1722 315
1723 316
1724 317
1725 318
1726 319
1727 320
1728 321
1729 322
1730 323
1731 324
1732 325
1733 326
1734 327
1735 328
1736 329
1737 330
1738 331
1739 332
1740 333
1741 334
1742 335
1743 -1
1744 -1
1745 -1
1746 -1
1747 -1
1748 -1
1749 -1
1750 -1
1751 -1
1752 -1
1753 -1
1754 -1
1755 336
1756 337
1757 338
1758 339
1759 340
1760 341
1761 342
1762 343
1763 344
1764 345
1765 346
1766 347
1767 348
1768 349
1769 350
1770 351
1771 352
1772 353
1773 354
1774 355
1775 356
1776 357
1777 -1
1778 -1
1779 -1
1780 -1
1781 -1
1782 -1
1783 -1
1784 -1
1785 -1
1786 -1
1787 -1
1788 -1
1789 -1
1790 358
1791 359
1792 360
1793 361
1794 362
1795 363
1796 364
1797 365
1798 366
1799 367
1800 368
1801 -1
1802 369
1803 370
1804 371
1805 372
1806 373
1807 374
1808 375
1809 376
1810 -1
1811 -1
1812 -1
1813 -1
1814 -1
1815 -1
1816 -1
1817 -1
1818 -1
1819 -1
1820 -1
1821 -1
1822 -1
1823 -1
1824 377
1825 378
1826 379
1827 380
1828 381
1829 382
1830 383
1831 384
1832 385
1833 386
1834 -1
1835 -1
1836 -1
1837 387
1838 388
1839 389
1840 390
1841 391
1842 392
1843 393
1844 -1
1845 -1
1846 -1
1847 -1
1848 -1
1849 -1
1850 -1
1851 -1
1852 -1
1853 -1
1854 -1
1855 -1
1856 -1
1857 -1
1858 -1
1859 394
1860 395
1861 396
1862 397
1863 398
1864 399
1865 400
1866 401
1867 402
1868 403
1869 -1
1870 404
1871 405
1872 406
1873 407
1874 408
1875 409
1876 410
1877 -1
1878 -1
1879 -1
1880 -1
1881 -1
1882 -1
1883 -1
1884 -1
1885 -1
1886 -1
1887 -1
1888 -1
1889 -1
1890 -1
1891 -1
1892 -1
1893 -1
1894 411
1895 412
1896 413
1897 414
1898 415
1899 416
1900 417
1901 418
1902 419
1903 420
1904 421
1905 422
1906 423
1907 424
1908 425
1909 426
1910 -1
1911 -1
1912 -1
1913 -1
1914 -1
1915 -1
1916 -1
1917 -1
1918 -1
1919 -1
1920 -1
1921 -1
1922 -1
1923 -1
1924 -1
1925 -1
1926 -1
1927 -1
1928 -1
1929 -1
1930 427
1931 428
1932 429
1933 430
1934 431
1935 432
1936 433
1937 434
1938 435
1939 436
1940 437
1941 438
1942 -1
1943 -1
1944 -1
1945 -1
1946 -1
1947 -1
1948 -1
1949 -1
1950 -1
1951 -1
1952 -1
1953 -1
1954 -1
1955 -1
1956 -1
1957 -1
1958 -1
1959 -1
1960 -1
1961 -1
1962 -1
1963 -1
1964 -1
1965 -1
1966 439
1967 440
1968 441
1969 442
1970 443
1971 444
1972 445
1973 446
1974 -1
1975 -1
1976 -1
1977 -1
1978 -1
1979 -1
1980 -1
1981 -1
1982 -1
1983 -1
1984 -1
1985 -1
1986 -1
1987 -1
1988 -1
1989 -1
1990 -1
1991 -1
1992 -1
1993 -1
1994 -1
1995 -1
1996 -1
1997 -1
1998 -1
1999 -1
2000 -1
2001 -1
2002 -1
2003 -1
2004 -1
2005 -1
2006 -1
2007 -1
2008 -1
2009 -1
2010 -1
2011 -1
2012 -1
2013 -1
2014 -1
2015 -1
2016 -1
2017 -1
2018 -1
2019 -1
2020 -1
2021 -1
2022 -1
2023 -1
2024 -1
2025 -1
2026 -1
2027 -1
2028 -1
2029 -1
2030 -1
2031 -1
2032 -1
2033 -1
2034 -1
2035 -1
2036 -1
2037 -1
2038 -1
2039 -1
2040 -1
2041 -1
2042 -1
2043 -1
2044 -1
2045 -1
2046 -1
2047 -1
2048 -1
2049 -1
2050 -1
2051 -1
2052 -1
2053 -1
2054 -1
2055 -1
2056 -1
2057 -1
2058 -1
2059 -1
2060 -1
2061 -1
2062 -1
2063 -1
2064 -1
2065 -1
2066 -1
2067 -1
2068 -1
2069 -1
2070 -1
2071 -1
2072 -1
2073 -1
2074 -1
2075 -1
2076 -1
2077 -1
2078 -1
2079 -1
2080 -1
2081 -1
2082 -1
2083 -1
2084 -1
2085 -1
2086 -1
2087 -1
2088 -1
2089 -1
2090 -1
2091 -1
2092 -1
2093 -1
2094 -1
2095 -1
2096 -1
2097 -1
2098 -1
2099 -1
2100 -1
2101 -1
2102 -1
2103 -1
2104 -1
2105 -1
2106 -1
2107 -1
2108 -1
2109 -1
2110 -1
2111 -1
2112 -1
2113 -1
2114 -1
2115 -1
2116 -1
2117 -1
2118 -1
2119 -1
2120 -1
2121 -1
2122 -1
2123 -1
2124 -1
2125 -1
2126 -1
2127 -1
2128 -1
2129 -1
2130 -1
2131 -1
2132 -1
2133 -1
2134 -1
2135 -1
2136 -1
2137 -1
2138 -1
2139 -1
2140 -1
2141 -1
2142 -1
2143 -1
2144 -1
2145 -1
2146 -1
2147 -1
2148 -1
2149 -1
2150 -1
2151 -1
2152 -1
2153 -1
2154 -1
2155 -1
2156 -1
