1 -1
2 -1
3 -1
4 -1
5 -1
6 -1
7 -1
8 -1
9 -1
10 -1
11 -1
12 -1
13 -1
14 -1
15 -1
16 -1
17 -1
18 -1
19 -1
20 -1
21 -1
22 -1
23 -1
24 -1
25 -1
26 -1
27 -1
28 -1
29 -1
30 -1
31 -1
32 -1
33 -1
34 -1
35 -1
36 -1
37 -1
38 -1
39 -1
40 -1
41 -1
42 -1
43 -1
44 -1
45 -1
46 -1
47 -1
48 -1
49 -1
50 -1
51 -1
52 -1
53 -1
54 -1
55 -1
56 -1
57 -1
58 -1
59 -1
60 -1
61 -1
62 -1
63 -1
64 -1
65 -1
66 -1
67 -1
68 -1
69 -1
70 -1
71 -1
72 -1
73 -1
74 -1
75 -1
76 -1
77 -1
78 -1
79 -1
80 -1
81 -1
82 -1
83 -1
84 -1
85 -1
86 -1
87 -1
88 -1
89 -1
90 -1
91 -1
92 -1
93 -1
94 -1
95 -1
96 -1
97 -1
98 -1
99 -1
100 -1
101 -1
102 -1
103 -1
104 -1
105 -1
106 -1
107 -1
108 -1
109 -1
110 -1
111 -1
112 -1
113 -1
114 -1
115 -1
116 -1
117 -1
118 -1
119 -1
120 -1
121 -1
122 -1
123 -1
124 -1
125 -1
126 -1
127 -1
128 -1
129 -1
130 -1
131 -1
132 -1
133 -1
134 -1
135 -1
136 -1
137 -1
138 -1
139 -1
140 -1
141 -1
142 -1
143 -1
144 -1
145 -1
146 -1
147 -1
148 -1
149 -1
150 -1
151 -1
152 -1
153 -1
154 -1
155 -1
156 -1
157 -1
158 -1
159 -1
160 -1
161 -1
162 0
163 1
164 2
165 3
166 4
167 5
168 6
169 -1
170 -1
171 -1
172 -1
173 -1
174 -1
175 -1
176 -1
177 -1
178 -1
179 -1
180 -1
181 -1
182 -1
183 -1
184 -1
185 -1
186 -1
205 -1
206 -1
207 -1
208 -1
209 -1
210 -1
211 -1
212 -1
213 -1
214 -1
215 -1
216 -1
235 -1
236 -1
237 -1
238 -1
239 -1
240 -1
241 -1
242 -1
243 -1
244 -1
245 -1
246 -1
265 -1
266 -1
267 -1
268 -1
269 -1
270 -1
271 -1
272 -1
273 -1
274 -1
275 -1
276 -1
295 -1
296 -1
297 -1
298 -1
299 -1
300 -1
301 -1
302 -1
303 -1
304 -1
305 -1
306 -1
325 -1
326 -1
327 -1
328 -1
329 -1
330 -1
331 -1
332 -1
333 -1
334 -1
335 -1
336 -1
355 7
356 -1
357 -1
358 -1
359 -1
360 -1
361 -1
362 -1
363 -1
364 -1
365 -1
366 8
385 9
386 -1
387 -1
388 -1
389 -1
390 -1
391 -1
392 -1
393 -1
394 -1
395 -1
396 10
415 11
416 -1
417 -1
418 -1
419 -1
420 -1
421 -1
422 -1
423 -1
424 -1
425 -1
426 12
445 13
446 -1
447 -1
448 -1
449 -1
450 -1
451 -1
452 -1
453 -1
454 -1
455 -1
456 14
475 15
476 -1
477 -1
478 -1
479 -1
480 -1
481 -1
482 -1
483 -1
484 -1
485 -1
486 16
505 17
506 -1
507 -1
508 -1
509 -1
510 -1
511 -1
512 -1
513 -1
514 -1
515 -1
516 18
535 19
536 -1
537 -1
538 -1
539 -1
540 -1
541 -1
542 -1
543 -1
544 -1
545 -1
546 20
565 -1
566 -1
567 -1
568 -1
569 -1
570 -1
571 -1
572 -1
573 -1
574 -1
575 -1
576 -1
595 -1
596 -1
597 -1
598 -1
599 -1
600 -1
601 -1
602 -1
603 -1
604 -1
605 -1
606 -1
625 -1
626 -1
627 -1
628 -1
629 -1
630 -1
631 -1
632 -1
633 -1
634 -1
635 -1
636 -1
655 -1
656 -1
657 -1
658 -1
659 -1
660 -1
661 -1
662 -1
663 -1
664 -1
665 -1
666 -1
685 -1
686 -1
687 -1
688 -1
689 -1
690 -1
691 -1
692 -1
693 -1
694 -1
695 -1
696 -1
715 -1
716 -1
717 -1
718 -1
719 -1
720 -1
721 -1
722 -1
723 -1
724 -1
725 -1
726 -1
727 -1
728 -1
729 -1
730 -1
731 -1
732 -1
733 21
734 22
735 23
736 24
737 25
738 26
739 27
740 -1
741 -1
742 -1
743 -1
744 -1
745 -1
746 -1
747 -1
748 -1
749 -1
750 -1
751 -1
752 -1
753 -1
754 -1
755 -1
756 -1
757 -1
758 -1
759 -1
760 -1
761 -1
762 -1
763 -1
764 -1
765 -1
766 -1
767 -1
768 -1
769 -1
770 -1
771 -1
772 -1
773 -1
774 -1
775 -1
776 -1
777 -1
778 -1
779 -1
780 -1
781 -1
782 -1
783 -1
784 -1
785 -1
786 -1
787 -1
788 -1
789 -1
790 -1
791 -1
792 -1
793 -1
794 -1
795 -1
796 -1
797 -1
798 -1
799 -1
800 -1
801 -1
802 -1
803 -1
804 -1
805 -1
806 -1
807 -1
808 -1
809 -1
810 -1
811 -1
812 -1
813 -1
814 -1
815 -1
816 -1
817 -1
818 -1
819 -1
820 -1
821 -1
822 -1
823 -1
824 -1
825 -1
826 -1
827 -1
828 -1
829 -1
830 -1
831 -1
832 -1
833 -1
834 -1
835 -1
836 -1
837 -1
838 -1
839 -1
840 -1
841 -1
842 -1
843 -1
844 -1
845 -1
846 -1
847 -1
848 -1
849 -1
850 -1
851 -1
852 -1
853 -1
854 -1
855 -1
856 -1
857 -1
858 -1
859 -1
860 -1
861 -1
862 -1
863 -1
864 -1
865 -1
866 -1
867 -1
868 -1
869 -1
870 -1
871 -1
872 -1
873 -1
874 -1
875 -1
876 -1
877 -1
878 -1
879 -1
880 -1
881 -1
882 -1
883 -1
884 -1
885 -1
886 -1
887 -1
888 -1
889 -1
890 -1
891 -1
892 -1
893 -1
894 -1
895 -1
896 -1
897 -1
898 -1
899 -1
900 -1
1001 -1
1002 -1
1003 -1
1004 -1
1005 -1
1006 -1
1007 -1
1008 -1
1009 28
1010 29
1011 30
1012 31
1013 32
1014 33
1015 34
1016 35
1017 36
1018 37
1019 38
1020 39
1021 40
1022 41
1023 42
1024 43
1025 44
1026 45
1027 -1
1028 -1
1029 -1
1030 -1
1031 -1
1032 -1
1033 -1
1034 -1
1035 -1
1036 -1
1037 -1
1038 -1
1039 -1
1040 -1
1041 46
1042 47
1043 48
1044 49
1045 50
1046 51
1047 52
1048 53
1049 54
1050 55
1051 56
1052 57
1053 58
1054 59
1055 60
1056 61
1057 62
1058 63
1059 64
1060 65
1061 66
1062 67
1063 -1
1064 -1
1065 -1
1066 -1
1067 -1
1068 -1
1069 -1
1070 -1
1071 -1
1072 -1
1073 -1
1074 68
1075 69
1076 70
1077 71
1078 72
1079 73
1080 74
1081 75
1082 76
1083 77
1084 78
1085 79
1086 80
1087 81
1088 82
1089 83
1090 84
1091 85
1092 86
1093 87
1094 88
1095 89
1096 90
1097 91
1098 -1
1099 -1
1100 -1
1101 -1
1102 -1
1103 -1
1104 -1
1105 -1
1106 -1
1107 92
1108 93
1109 94
1110 95
1111 96
1112 97
1113 98
1114 99
1115 100
1116 101
1117 102
1118 103
1119 104
1120 105
1121 106
1122 107
1123 108
1124 109
1125 110
1126 111
1127 112
1128 113
1129 114
1130 115
1131 116
1132 117
1133 -1
1134 -1
1135 -1
1136 -1
1137 -1
1138 -1
1139 -1
1140 118
1141 119
1142 120
1143 121
1144 122
1145 123
1146 124
1147 125
1148 126
1149 127
1150 128
1151 129
1152 130
1153 131
1154 132
1155 133
1156 134
1157 135
1158 136
1159 137
1160 138
1161 139
1162 140
1163 141
1164 142
1165 143
1166 144
1167 145
1168 -1
1169 -1
1170 -1
1171 -1
1172 -1
1173 146
1174 147
1175 148
1176 149
1177 150
1178 151
1179 152
1180 153
1181 154
1182 155
1183 156
1184 157
1185 158
1186 159
1187 160
1188 161
1189 162
1190 163
1191 164
1192 165
1193 166
1194 167
1195 168
1196 169
1197 170
1198 171
1199 172
1200 173
1201 174
1202 175
1203 -1
1204 -1
1205 -1
1206 176
1207 177
1208 178
1209 179
1210 180
1211 181
1212 182
1213 183
1214 184
1215 185
1216 186
1217 187
1218 188
1219 189
1220 190
1221 191
1222 192
1223 193
1224 194
1225 195
1226 196
1227 197
1228 198
1229 199
1230 200
1231 201
1232 202
1233 203
1234 204
1235 205
1236 206
1237 207
1238 -1
1239 -1
1240 208
1241 209
1242 210
1243 211
1244 212
1245 213
1246 214
1247 215
1248 216
1249 217
1250 218
1251 219
1252 220
1253 221
1254 222
1255 223
1256 224
1257 225
1258 226
1259 227
1260 228
1261 229
1262 230
1263 231
1264 232
1265 233
1266 234
1267 235
1268 236
1269 237
1270 238
1271 239
1272 -1
1273 240
1274 241
1275 242
1276 243
1277 244
1278 245
1279 246
1280 247
1281 248
1282 249
1283 250
1284 251
1285 252
1286 253
1287 254
1288 255
1289 256
1290 257
1291 258
1292 259
1293 260
1294 261
1295 262
1296 263
1297 264
1298 265
1299 266
1300 267
1301 268
1302 269
1303 270
1304 271
1305 272
1306 273
1307 274
1308 275
1309 276
1310 277
1311 278
1312 279
1313 280
1314 281
1315 282
1316 283
1317 284
1318 285
1319 286
1320 287
1321 288
1322 289
1323 290
1324 291
1325 292
1326 293
1327 294
1328 295
1329 296
1330 297
1331 298
1332 299
1333 300
1334 301
1335 302
1336 303
1337 304
1338 305
1339 306
1340 307
1341 308
1342 309
1343 310
1344 311
1345 312
1346 313
1347 314
1348 315
1349 316
1350 317
1351 318
1352 319
1353 320
1354 321
1355 322
1356 323
1357 324
1358 325
1359 326
1360 327
1361 328
1362 329
1363 330
1364 331
1365 332
1366 333
1367 334
1368 335
1369 336
1370 337
1371 338
1372 339
1373 340
1374 341
1375 342
1376 343
1377 344
1378 345
1379 346
1380 347
1381 348
1382 349
1383 350
1384 351
1385 352
1386 353
1387 354
1388 355
1389 356
1390 357
1391 358
1392 359
1393 360
1394 361
1395 362
1396 363
1397 364
1398 365
1399 366
1400 367
1401 368
1402 369
1403 370
1404 371
1405 372
1406 373
1407 374
1408 375
1409 376
1410 377
1411 378
1412 379
1413 380
1414 381
1415 382
1416 383
1417 384
1418 385
1419 386
1420 387
1421 388
1422 389
1423 390
1424 391
1425 392
1426 393
1427 394
1428 395
1429 396
1430 397
1431 398
1432 399
1433 400
1434 401
1435 402
1436 403
1437 404
1438 405
1439 406
1440 407
1441 408
1442 409
1443 410
1444 411
1445 412
1446 413
1447 414
1448 415
1449 416
1450 417
1451 418
1452 419
1453 420
1454 421
1455 422
1456 423
1457 424
1458 425
1459 426
1460 427
1461 428
1462 429
1463 430
1464 431
1465 432
1466 433
1467 434
1468 435
1469 436
1470 437
1471 438
1472 439
1473 440
1474 441
1475 442
1476 443
1477 444
1478 445
1479 446
1480 447
1481 448
1482 449
1483 450
1484 451
1485 452
1486 453
1487 454
1488 455
1489 456
1490 457
1491 458
1492 459
1493 460
1494 461
1495 462
1496 463
1497 464
1498 465
1499 466
1500 467
1501 468
1502 469
1503 470
1504 471
1505 472
1506 473
1507 474
1508 475
1509 476
1510 477
1511 478
1512 479
1513 480
1514 481
1515 482
1516 483
1517 484
1518 485
1519 486
1520 487
1521 488
1522 489
1523 490
1524 491
1525 492
1526 -1
1527 -1
1528 -1
1529 -1
1530 493
1531 494
1532 495
1533 496
1534 497
1535 498
1536 499
1537 500
1538 501
1539 502
1540 503
1541 504
1542 505
1543 506
1544 507
1545 508
1546 509
1547 510
1548 511
1549 512
1550 513
1551 514
1552 515
1553 516
1554 517
1555 518
1556 519
1557 520
1558 521
1559 522
1560 -1
1563 -1
1564 523
1565 524
1566 525
1567 526
1568 527
1569 528
1570 529
1571 530
1572 531
1573 532
1574 533
1575 534
1576 535
1577 536
1578 537
1579 538
1580 539
1581 540
1582 541
1583 542
1584 543
1585 544
1586 545
1587 546
1588 547
1589 548
1590 549
1591 550
1592 551
1593 552
1594 -1
1597 -1
1598 553
1599 554
1600 555
1601 556
1602 557
1603 558
1604 559
1605 560
1606 561
1607 562
1608 563
1609 564
1610 565
1611 566
1612 567
1613 568
1614 569
1615 570
1616 571
1617 572
1618 573
1619 574
1620 575
1621 576
1622 577
1623 578
1624 579
1625 580
1626 581
1627 582
1628 -1
1629 -1
1630 -1
1631 -1
1632 583
1633 584
1634 585
1635 586
1636 587
1637 588
1638 589
1639 590
1640 591
1641 592
1642 593
1643 594
1644 595
1645 596
1646 597
1647 598
1648 599
1649 600
1650 601
1651 602
1652 603
1653 604
1654 605
1655 606
1656 607
1657 608
1658 609
1659 610
1660 611
1661 612
1662 613
1663 614
1664 615
1665 616
1666 617
1667 618
1668 619
1669 620
1670 621
1671 622
1672 623
1673 624
1674 625
1675 626
1676 627
1677 628
1678 629
1679 630
1680 631
1681 632
1682 633
1683 634
1684 635
1685 636
1686 637
1687 638
1688 639
1689 640
1690 641
1691 642
1692 643
1693 644
1694 645
1695 646
1696 647
1697 648
1698 649
1699 650
1700 651
1701 652
1702 653
1703 654
1704 655
1705 656
1706 657
1707 658
1708 659
1709 660
1710 661
1711 662
1712 663
1713 664
1714 665
1715 666
1716 667
1717 668
1718 669
1719 670
1720 671
1721 672
1722 673
1723 674
1724 675
1725 676
1726 677
1727 678
1728 679
1729 680
1730 681
1731 682
1732 683
1733 684
1734 685
1735 686
1736 687
1737 688
1738 689
1739 690
1740 691
1741 692
1742 693
1743 694
1744 695
1745 696
1746 697
1747 698
1748 699
1749 700
1750 701
1751 702
1752 703
1753 704
1754 705
1755 706
1756 707
1757 708
1758 709
1759 710
1760 711
1761 712
1762 713
1763 714
1764 715
1765 716
1766 717
1767 718
1768 719
1769 720
1770 721
1771 722
1772 723
1773 724
1774 725
1775 726
1776 727
1777 728
1778 729
1779 730
1780 731
1781 732
1782 733
1783 734
1784 735
1785 736
1786 737
1787 738
1788 739
1789 740
1790 741
1791 742
1792 743
1793 744
1794 745
1795 746
1796 747
1797 748
1798 749
1799 750
1800 751
1801 -1
1802 752
1803 753
1804 754
1805 755
1806 756
1807 757
1808 758
1809 759
1810 760
1811 761
1812 762
1813 763
1814 764
1815 765
1816 766
1817 767
1818 768
1819 769
1820 770
1821 771
1822 772
1823 773
1824 774
1825 775
1826 776
1827 777
1828 778
1829 779
1830 780
1831 781
1832 782
1833 783
1834 -1
1835 -1
1836 -1
1837 784
1838 785
1839 786
1840 787
1841 788
1842 789
1843 790
1844 791
1845 792
1846 793
1847 794
1848 795
1849 796
1850 797
1851 798
1852 799
1853 800
1854 801
1855 802
1856 803
1857 804
1858 805
1859 806
1860 807
1861 808
1862 809
1863 810
1864 811
1865 812
1866 813
1867 814
1868 815
1869 -1
1870 816
1871 817
1872 818
1873 819
1874 820
1875 821
1876 822
1877 823
1878 824
1879 825
1880 826
1881 827
1882 828
1883 829
1884 830
1885 -1
1886 831
1887 832
1888 833
1889 834
1890 835
1891 836
1892 837
1893 838
1894 839
1895 840
1896 841
1897 842
1898 843
1899 844
1900 845
1901 846
1902 847
1903 848
1904 849
1905 850
1906 851
1907 852
1908 853
1909 854
1910 855
1911 856
1912 857
1913 858
1914 859
1915 860
1916 861
1917 862
1918 -1
1919 -1
1920 863
1921 864
1922 865
1923 866
1924 867
1925 868
1926 869
1927 870
1928 871
1929 872
1930 873
1931 874
1932 875
1933 876
1934 877
1935 878
1936 879
1937 880
1938 881
1939 882
1940 883
1941 884
1942 885
1943 886
1944 887
1945 888
1946 889
1947 890
1948 891
1949 892
1950 893
1951 894
1952 -1
1953 -1
1954 -1
1955 895
1956 896
1957 897
1958 898
1959 899
1960 900
1961 901
1962 902
1963 903
1964 904
1965 905
1966 906
1967 907
1968 908
1969 909
1970 910
1971 911
1972 912
1973 913
1974 914
1975 915
1976 916
1977 917
1978 918
1979 919
1980 920
1981 921
1982 922
1983 923
1984 924
1985 -1
1986 -1
1987 -1
1988 -1
1989 -1
1990 925
1991 926
1992 927
1993 928
1994 929
1995 930
1996 931
1997 932
1998 933
1999 934
2000 935
2001 936
2002 937
2003 938
2004 939
2005 940
2006 941
2007 942
2008 943
2009 944
2010 945
2011 946
2012 947
2013 948
2014 949
2015 950
2016 951
2017 952
2018 -1
2019 -1
2020 -1
2021 -1
2022 -1
2023 -1
2024 -1
2025 953
2026 954
2027 955
2028 956
2029 957
2030 958
2031 959
2032 960
2033 961
2034 962
2035 963
2036 964
2037 965
2038 966
2039 967
2040 968
2041 969
2042 970
2043 971
2044 972
2045 973
2046 974
2047 975
2048 976
2049 977
2050 978
2051 -1
2052 -1
2053 -1
2054 -1
2055 -1
2056 -1
2057 -1
2058 -1
2059 -1
2060 979
2061 980
2062 981
2063 982
2064 983
2065 984
2066 985
2067 986
2068 987
2069 988
2070 989
2071 990
2072 991
2073 992
2074 993
2075 994
2076 995
2077 996
2078 997
2079 998
2080 999
2081 1000
2082 1001
2083 1002
2084 -1
2085 -1
2086 -1
2087 -1
2088 -1
2089 -1
2090 -1
2091 -1
2092 -1
2093 -1
2094 -1
2095 1003
2096 1004
2097 1005
2098 1006
2099 1007
2100 1008
2101 1009
2102 1010
2103 1011
2104 1012
2105 1013
2106 1014
2107 1015
2108 1016
2109 1017
2110 1018
2111 1019
2112 1020
2113 1021
2114 1022
2115 1023
2116 1024
2117 -1
2118 -1
2119 -1
2120 -1
2121 -1
2122 -1
2123 -1
2124 -1
2125 -1
2126 -1
2127 -1
2128 -1
2129 -1
2130 -1
2131 1025
2132 1026
2133 1027
2134 1028
2135 1029
2136 1030
2137 1031
2138 1032
2139 1033
2140 1034
2141 1035
2142 1036
2143 1037
2144 1038
2145 1039
2146 1040
2147 1041
2148 1042
2149 -1
2150 -1
2151 -1
2152 -1
2153 -1
2154 -1
2155 -1
2156 -1
