1123      1.01244   0.652137  5636.0   
1125      2.12307   -5.91165  5636.0   
1126      1.16641   0.730456  5636.0   
1127      1.2307    -0.75634  5636.0   
1129      1.15728   -0.747834 5636.0   
1130      1.63891   -0.758948 5636.0   
1135      1.15913   -0.471344 5636.0   
1136      1.23374   0.656153  5636.0   
1137      1.22237   0.652508  5636.0   
1147      -0.457778 6.73963   5636.0   
1153      -0.336491 -0.444332 5636.0   
1154      0.640247  1.47777   5636.0   
1155      0.887458  1.47246   5636.0   
1158      0.892279  1.45239   5636.0   
1159      0.869947  1.47209   5636.0   
1160      0.904998  1.47336   5636.0   
1161      0.560989  1.47845   5636.0   
1163      -0.277098 -0.823363 5636.0   
1197      -8.52077  -0.0771389 5636.0   
1198      0.464227  1.38213   5636.0   
1201      0.755721  1.48494   5636.0   
1202      0.755711  1.49595   5636.0   
1203      0.777557  1.48808   5636.0   
1205      0.751334  1.48024   5636.0   
1206      0.759263  1.48291   5636.0   
1207      0.763599  1.48419   5636.0   
1237      0.517488  1.61615   5636.0   
1238      0.819844  1.34628   5636.0   
1240      0.849374  1.39142   5636.0   
1241      0.820826  1.34154   5636.0   
1242      0.853083  1.35465   5636.0   
1243      0.824972  1.33697   5636.0   
1287      0.816381  1.29464   5636.0   
1288      0.782715  1.28376   5636.0   
1289      0.285379  1.28094   5636.0   
1290      0.810554  1.29377   5636.0   
1291      0.782267  1.31585   5636.0   
1292      0.760836  1.29157   5636.0   
1293      0.752743  1.29077   5636.0   
1294      0.196185  1.24978   5636.0   
1295      0.778721  1.28939   5636.0   
1296      0.734995  1.29119   5636.0  
1301      0.791888  1.31967   5636.0		
1302      0.791888  1.31967   5636.0   
1303      0.80771   1.31498   5636.0   
1304      0.775774  1.30295   5636.0   
1306      0.247514  1.28474   5636.0   
1307      0.800256  1.27555   5636.0   
1308      0.807955  1.29294   5636.0   
1309      0.80813   1.29536   5636.0   
1310      0.79138   1.26863   5636.0   
1311      0.781909  1.2814    5636.0   
1312      0.304743  1.23692   5636.0   
1313      0.790189  1.32513   5636.0   
1314      0.808432  1.27865   5636.0   
1315      0.784995  1.2895    5636.0   
1316      0.79256   1.30576   5636.0   
1317      0.318053  0.209841  5636.0   
1318      -0.350974 -0.491825 5636.0   
1319      0.789853  1.2981    5636.0 
1320      0.789853  1.2981    5636.0
1322      0.769907  1.29522   5636.0   
1323      0.789848  1.29032   5636.0   
1324      0.28966   -0.0197301 5636.0   
1325      0.78539   1.29859   5636.0   
1326      0.129575  1.19062   5636.0   
1327      0.339529  1.26547   5636.0   
1328      0.765877  1.29558   5636.0   
1329      0.375658  1.26837   5636.0   
1330      0.167785  0.299635  5636.0   
1331      0.819234  1.28915   5636.0   
1332      0.806414  1.25007   5636.0   
1334      0.798079  1.25277   5636.0   
1336      0.778864  1.28111   5636.0   
1337      0.774364  1.29166   5636.0   
1338      0.790306  1.303     5636.0   
1339      0.159943  2.07248   5636.0   
1340      0.75981   1.28544   5636.0   
1341      0.7832    1.29957   5636.0   
1342      6.5972    7.23691   5636.0   
1345      1.24749   1.34226   5636.0   
1362      0.899173  1.47237   5636.0   
1369      0.805087  1.56687   5636.0   
1370      0.897866  1.44302   5636.0   
1371      0.916012  1.46948   5636.0   
1372      0.929148  1.45903   5636.0   
1373      0.922501  1.46657   5636.0   
1374      0.912725  1.47563   5636.0   
1381      0.760163  1.52828   5636.0   
1382      0.892853  1.46209   5636.0   
1383      0.902536  1.45907   5636.0   
1384      0.886675  1.45529   5636.0   
1385      0.884832  1.45251   5636.0   
1387      0.822085  1.53082   5636.0   
1394      0.905976  1.46501   5636.0   
1395      0.904877  1.46235   5636.0   
1396      0.900481  1.46491   5636.0   
1397      0.898502  1.45643   5636.0   
1399      0.773784  1.496     5636.0   
1400      0.908055  1.45769   5636.0   
1401      0.911666  1.46373   5636.0   
1404      0.919363  1.46161   5636.0   
1405      0.426966  1.12309   5636.0   
1406      10.2135   8.61604   5636.0   
1411      0.722624  1.45685   5636.0   
1412      0.899972  1.44977   5636.0   
1413      0.901507  1.44966   5636.0   
1415      0.899571  1.4561    5636.0   
1416      0.892868  1.45728   5636.0   
1417      -0.0624422 2.82829   5636.0   
1418      0.799334  1.47099   5636.0   
1420      0.890275  1.45097   5636.0   
1421      0.89946   1.44745   5636.0   
1422      0.904807  1.46336   5636.0   
1423      0.893458  1.45733   5636.0   
1424      0.892744  1.45781   5636.0   
1425      0.773364  1.50771   5636.0   
1426      0.908907  1.44952   5636.0   
1427      0.909018  1.45725   5636.0   
1428      0.907125  1.44198   5636.0   
1429      0.901523  1.44828   5636.0   
1430      0.903323  1.46018   5636.0   
1431      0.743984  1.49178   5636.0   
1443      0.708047  1.36858   5636.0   
1444      0.709469  1.37689   5636.0   
1445      0.684815  1.36049   5636.0   
1446      0.702852  1.37196   5636.0   
1447      4.16796   -0.217077 5636.0   
1448      0.780495  1.49806   5636.0   
1449      0.713734  1.36048   5636.0   
1451      0.719621  1.36347   5636.0   
1452      0.719872  1.36564   5636.0   
1453      0.718857  1.36724   5636.0   
1454      0.751125  1.4706    5636.0   
1455      0.688891  1.36318   5636.0   
1456      0.71533   1.38165   5636.0   
1457      0.713239  1.38871   5636.0   
1458      0.706162  1.34878   5636.0   
1459      0.778384  1.47407   5636.0   
1460      0.708937  1.34493   5636.0   
1461      0.711483  1.3537    5636.0   
1462      0.708977  1.35624   5636.0   
1463      0.704882  1.35838   5636.0   
1465      0.787832  1.48051   5636.0   
1466      0.713312  1.35199   5636.0   
1467      0.725241  1.36601   5636.0   
1468      0.716343  1.34781   5636.0   
1469      0.757681  1.49703   5636.0   
1470      0.728057  1.35648   5636.0   
1471      0.730064  1.35467   5636.0   
1472      0.715163  1.34123   5636.0   
1473      0.783871  1.46913   5636.0   
1474      0.718077  1.34492   5636.0   
1475      0.71135   1.34529   5636.0   
1476      0.699789  1.34709   5636.0   
1477      0.792034  1.45842   5636.0   
1478      0.701027  1.34922   5636.0   
1479      0.719502  1.35832   5636.0   
1480      0.722532  1.36531   5636.0   
1481      0.790619  1.40833   5636.0   
1482      0.719935  1.36172   5636.0   
1483      0.857915  1.23159   5636.0   
1484      0.707615  1.34988   5636.0   
1485      0.701435  1.36027   5636.0   
1486      0.776982  1.4871    5636.0   
1487      0.726397  1.36081   5636.0   
1488      0.720959  1.3534    5636.0   
1489      0.720043  1.33766   5636.0   
1490      0.759192  1.43337   5636.0   
1491      0.730638  1.3579    5636.0   
1492      0.710406  1.37045   5636.0   
1495      0.714127  1.3496    5636.0   
1496      0.81068   1.48883   5636.0   
1498      0.801289  2.07274   5636.0   
1501      0.789007  2.06958   5636.0   
1502      7.3484    7.93667   5636.0   
1503      5.3171    1.60428   5636.0   
1506      0.707908  1.33388   5636.0   
1507      0.683106  1.3276    5636.0   
1508      0.696009  1.36054   5636.0   
1509      0.82475   1.45168   5636.0   
1510      0.692112  1.35218   5636.0   
1511      0.706237  1.38876   5636.0   
1512      0.686596  1.35153   5636.0   
1513      0.695062  1.33888   5636.0   
1514      0.801443  1.44428   5636.0   
1515      0.841047  1.50272   5636.0   
1516      0.71073   1.34872   5636.0   
