1001 33
1002 33
1003 33
1004 34
1005 34
1006 34
1007 35
1008 35
1009 35
1010 36
1011 36
1012 37
1013 37
1014 38
1015 38
1016 39
1017 39
1035 33
1036 33
1037 33
1038 34
1039 34
1040 34
1041 35
1042 35
1043 35
1044 36
1045 36
1046 37
1047 37
1048 38
1049 38
1050 39
1051 39
1069 33
1070 33
1071 33
1072 34
1073 34
1074 34
1075 35
1076 35
1077 35
1078 36
1079 36
1080 37
1081 37
1082 38
1083 38
1084 39
1085 39
1103 40
1104 40
1105 40
1106 41
1107 41
1108 41
1109 42
1110 42
1111 42
1112 43
1113 43
1114 44
1115 44
1116 45
1117 45
1118 46
1119 46
1137 40
1138 40
1139 40
1140 41
1141 41
1142 41
1143 42
1144 42
1145 42
1146 43
1147 43
1148 44
1149 44
1150 45
1151 45
1152 46
1153 46
1171 40
1172 40
1173 40
1174 41
1175 41
1176 41
1177 42
1178 42
1179 42
1180 43
1181 43
1182 44
1183 44
1184 45
1185 45
1186 46
1187 46
1205 47
1206 47
1207 47
1208 48
1209 48
1210 48
1211 49
1212 49
1213 49
1214 50
1215 50
1216 51
1217 51
1218 52
1219 52
1220 53
1221 53
1239 47
1240 47
1241 47
1242 48
1243 48
1244 48
1245 49
1246 49
1247 49
1248 50
1249 50
1250 51
1251 51
1252 52
1253 52
1254 53
1255 53
1273 47
1274 47
1275 47
1276 48
1277 48
1278 48
1279 49
1280 49
1281 49
1282 50
1283 50
1284 51
1285 51
1286 52
1287 52
1288 53
1289 53
1307 54
1308 54
1309 54
1310 55
1311 55
1312 55
1313 56
1314 56
1315 56
1316 57
1317 57
1318 58
1319 58
1320 59
1321 59
1322 60
1323 60
1341 54
1342 54
1343 54
1344 55
1345 55
1346 55
1347 56
1348 56
1349 56
1350 57
1351 57
1352 58
1353 58
1354 59
1355 59
1356 60
1357 60
1375 61
1376 61
1377 61
1378 62
1379 62
1380 62
1381 63
1382 63
1383 63
1384 64
1385 64
1386 65
1387 65
1388 66
1389 67
1390 68
1391 69
1409 61
1410 61
1411 61
1412 62
1413 62
1414 62
1415 63
1416 63
1417 63
1418 64
1419 64
1420 65
1421 65
1422 70
1423 71
1424 72
1425 73
1443 74
1444 74
1445 74
1446 75
1447 75
1448 75
1449 76
1450 76
1451 76
1452 77
1453 77
1454 78
1455 79
1456 80
1457 81
1458 82
1459 83
1477 74
1478 74
1479 74
1480 75
1481 75
1482 75
1483 76
1484 76
1485 76
1486 77
1487 77
1488 84
1489 85
1490 86
1491 87
1492 88
1493 89
1511 90
1512 90
1513 90
1514 91
1515 91
1516 91
1517 92
1518 92
1519 92
1520 93
1521 93
1522 94
1523 95
1524 96
1525 97
1526 98
1527 99
1545 90
1546 90
1547 90
1548 91
1549 91
1550 91
1551 92
1552 92
1553 92
1554 93
1555 93
1556 94
1557 95
1558 96
1559 97
1560 98
