1 0
2 0
3 0
4 1
5 1
6 1
7 2
8 2
9 2
10 3
11 3
12 3
13 4
14 4
15 4
16 5
17 5
18 5
19 6
20 6
21 6
22 7
23 7
24 7
25 16
26 16
27 16
28 17
29 17
30 17
31 0
32 0
33 0
34 1
35 1
36 1
37 2
38 2
39 2
40 3
41 3
42 3
43 4
44 4
45 4
46 5
47 5
48 5
49 6
50 6
51 6
52 7
53 7
54 7
55 16
56 16
57 16
58 17
59 17
60 17
61 0
62 0
63 0
64 1
65 1
66 1
67 2
68 2
69 2
70 3
71 3
72 3
73 4
74 4
75 4
76 5
77 5
78 5
79 6
80 6
81 6
82 7
83 7
84 7
85 16
86 16
87 16
88 17
89 17
90 17
91 8
92 8
93 8
94 9
95 9
96 9
97 10
98 10
99 10
100 11
101 11
102 11
103 12
104 12
105 12
106 13
107 13
108 13
109 14
110 14
111 14
112 15
113 15
114 15
115 18
116 18
117 18
118 19
119 19
120 19
121 8
122 8
123 8
124 9
125 9
126 9
127 10
128 10
129 10
130 11
131 11
132 11
133 12
134 12
135 12
136 13
137 13
138 13
139 14
140 14
141 14
142 15
143 15
144 15
145 18
146 18
147 18
148 19
149 19
150 19
151 8
152 8
153 8
154 9
155 9
156 9
157 10
158 10
159 10
160 11
161 11
162 11
163 12
164 12
165 12
166 13
167 13
168 13
169 14
170 14
171 14
172 15
173 15
174 15
175 18
176 18
177 18
178 19
179 19
180 19
205 20
206 20
207 20
208 21
209 21
210 21
235 20
236 20
237 20
238 21
239 21
240 21
265 20
266 20
267 20
268 21
269 21
270 21
295 22
296 22
297 22
298 23
299 23
300 23
325 22
326 22
327 22
328 23
329 23
330 23
355 22
356 22
357 22
358 23
359 23
360 23
385 24
386 24
387 24
388 25
389 25
390 25
415 24
416 24
417 24
418 25
419 25
420 25
445 24
446 24
447 24
448 25
449 25
450 25
475 26
476 26
477 26
478 27
479 27
480 27
505 26
506 26
507 26
508 27
509 27
510 27
535 26
536 26
537 26
538 27
539 27
540 27
565 28
566 28
567 28
568 29
569 29
570 29
595 28
596 28
597 28
598 29
599 29
600 29
625 28
626 28
627 28
628 29
629 29
630 29
655 30
656 30
657 30
658 31
659 31
660 31
685 30
686 30
687 30
688 31
689 31
690 31
715 30
716 30
717 30
718 31
719 31
720 31
1001 32
1002 32
1003 32
1004 33
1005 33
1006 33
1007 34
1008 34
1009 34
1010 35
1011 35
1012 36
1013 36
1014 37
1015 37
1016 38
1017 38
1035 32
1036 32
1037 32
1038 33
1039 33
1040 33
1041 34
1042 34
1043 34
1044 35
1045 35
1046 36
1047 36
1048 37
1049 37
1050 38
1051 38
1069 32
1070 32
1071 32
1072 33
1073 33
1074 33
1075 34
1076 34
1077 34
1078 35
1079 35
1080 36
1081 36
1082 37
1083 37
1084 38
1085 38
1103 39
1104 39
1105 39
1106 40
1107 40
1108 40
1109 41
1110 41
1111 41
1112 42
1113 42
1114 43
1115 43
1116 44
1117 44
1118 45
1119 45
1137 39
1138 39
1139 39
1140 40
1141 40
1142 40
1143 41
1144 41
1145 41
1146 42
1147 42
1148 43
1149 43
1150 44
1151 44
1152 45
1153 45
1171 39
1172 39
1173 39
1174 40
1175 40
1176 40
1177 41
1178 41
1179 41
1180 42
1181 42
1182 43
1183 43
1184 44
1185 44
1186 45
1187 45
1205 46
1206 46
1207 46
1208 47
1209 47
1210 47
1211 48
1212 48
1213 48
1214 49
1215 49
1216 50
1217 50
1218 51
1219 51
1220 52
1221 52
1239 46
1240 46
1241 46
1242 47
1243 47
1244 47
1245 48
1246 48
1247 48
1248 49
1249 49
1250 50
1251 50
1252 51
1253 51
1254 52
1255 52
1273 46
1274 46
1275 46
1276 47
1277 47
1278 47
1279 48
1280 48
1281 48
1282 49
1283 49
1284 50
1285 50
1286 51
1287 51
1288 52
1289 52
1307 53
1308 53
1309 53
1310 54
1311 54
1312 54
1313 55
1314 55
1315 55
1316 56
1317 56
1318 57
1319 57
1320 58
1321 58
1322 59
1323 59
1341 53
1342 53
1343 53
1344 54
1345 54
1346 54
1347 55
1348 55
1349 55
1350 56
1351 56
1352 57
1353 57
1354 58
1355 58
1356 59
1357 59
1375 60
1376 60
1377 60
1378 61
1379 61
1380 61
1381 62
1382 62
1383 62
1384 63
1385 63
1386 64
1387 64
1388 65
1389 66
1390 67
1391 68
1409 60
1410 60
1411 60
1412 61
1413 61
1414 61
1415 62
1416 62
1417 62
1418 63
1419 63
1420 64
1421 64
1422 69
1423 70
1424 71
1425 72
1443 73
1444 73
1445 73
1446 74
1447 74
1448 74
1449 75
1450 75
1451 75
1452 76
1453 76
1454 77
1455 78
1456 79
1457 80
1458 81
1459 82
1477 73
1478 73
1479 73
1480 74
1481 74
1482 74
1483 75
1484 75
1485 75
1486 76
1487 76
1488 83
1489 84
1490 85
1491 86
1492 87
1493 88
1511 89
1512 89
1513 89
1514 90
1515 90
1516 90
1517 91
1518 91
1519 91
1520 92
1521 92
1522 93
1523 94
1524 95
1525 96
1545 89
1546 89
1547 89
1548 90
1549 90
1550 90
1551 91
1552 91
1553 91
1554 92
1555 92
1556 97
1557 98
1558 99
1559 100
