0          1263.88    1262.93    1265.25   
1          1265.74    1265.88    1272.25   
2          1267.24    1266.99    1260.75   
3          1266.39    1267.51    1265.25   
4          1265.23    1266.51    1263.75   
5          1267.8     1267.99    1269.75   
6          1266.21    1267.46    1264.25   
7          1263.48    1263.39    1268.75   
8          1263.07    1263.59    1263.75   
9          1264.28    1262.58    1256.25   
10         1262.02    1261.82    1266.75   
11         1263.15    1263.49    1257.25   
12         1262.74    1262.99    1268.75   
13         1265.85    1265.77    1260.75   
14         1266.48    1266.17    1260.25   
15         1265.3     1265.53    1259.25   
16         1264.78    1264.55    1258.25   
17         1265.82    1266.65    1262.75   
18         1264.5     1264.64    1268.75   
19         10.0       10.0       1268.75   
20         1302.1     1302.23    1308.75   
21         1303.83    1303.76    1297.75   
22         1301.25    1301.73    1295.25   
23         1295.75    1296.72    1295.25   
24         1301.09    1300.68    1307.75   
25         1304.95    1305.08    1298.75   
26         1300.29    1301.43    1299.75   
27         1301.44    1301.25    1295.25   
28         1302.14    1302.43    1295.75   
29         1298.37    1298.43    1301.75   
30         1303.02    1303.0     1309.25   
31         10.0       10.0       1309.25   
32         10.0       10.0       1309.25   
33         1301.21    1301.63    1298.75   
34         1301.75    1302.66    1298.75   
35         1297.81    1297.67    1303.25   
36         1303.79    1303.46    1309.75   
37         1301.54    1301.96    1305.75   
38         1299.69    1301.24    1293.25   
39         1303.13    1303.61    1305.75   
40         1300.51    1300.71    1295.25   
41         1301.21    1301.34    1294.75   
42         1298.63    1299.98    1298.75   
43         1301.34    1301.07    1305.75   
44         1301.14    1301.46    1295.75   
45         1298.76    1299.33    1295.75   
46         1301.33    1301.87    1299.25   
47         1297.82    1299.34    1299.25   
48         1300.09    1300.82    1300.75   
49         1302.84    1302.66    1309.25   
50         1301.42    1301.46    1308.25   
51         1300.15    1301.35    1299.75   
52         1302.23    1302.4     1309.25   
53         1300.35    1300.08    1294.25   
54         1305.04    1305.31    1306.25   
55         1301.08    1301.14    1305.75   
56         1302.3     1302.48    1305.75   
57         1300.71    1301.11    1306.25   
58         1299.45    1299.42    1293.25   
59         1297.59    1298.02    1301.25   
60         1287.72    1288.57    1295.25   
61         10.0       10.0       1295.25   
62         10.0       10.0       1295.25   
63         10.0       10.0       1295.25   
64         1306.37    1306.4     1305.75   
65         1309.04    1309.19    1311.75   
66         1306.55    1307.05    1307.25   
67         1305.57    1305.47    1310.25   
68         1304.87    1305.47    1305.25   
69         1304.53    1305.13    1305.25   
70         1306.14    1306.27    1311.75   
71         1307.54    1307.6     1303.75   
72         1295.0     1294.9     1299.75   
73         1305.53    1306.06    1309.25   
74         1307.11    1306.86    1300.75   
75         1306.42    1306.85    1300.25   
76         1305.64    1306.02    1299.25   
77         1306.86    1307.08    1300.25   
78         1305.41    1305.23    1309.25   
79         1305.64    1306.46    1299.25   
80         10.0       10.0       1299.25   
81         10.0       10.0       1299.25   
82         10.0       10.0       1299.25   
83         1305.27    1305.89    1305.25   
84         1305.07    1305.05    1311.75   
85         1304.58    1304.87    1309.25   
86         1302.14    1304.19    1302.25   
87         1300.51    1302.7     1300.25   
88         1302.09    1303.15    1299.75   
89         1304.61    1304.74    1305.75   
90         1301.82    1301.99    1295.75   
91         1301.53    1301.82    1305.75   
92         1300.01    1300.22    1306.25   
93         1302.11    1302.67    1309.25   
94         1303.12    1304.3     1298.75   
95         1302.44    1303.09    1295.75   
96         1301.42    1301.74    1295.25   
97         1302.63    1302.77    1309.25   
98         1299.8     1299.85    1295.75   
99         1302.14    1302.49    1308.25   
100        1304.61    1304.91    1301.25   
101        1302.99    1302.83    1309.25   
102        1301.73    1302.83    1295.25   
103        1301.9     1302.38    1309.25   
104        1303.65    1303.98    1298.25   
105        1302.8     1302.88    1309.25   
106        1300.76    1302.09    1300.25   
107        1300.53    1301.79    1299.75   
108        1300.03    1300.62    1303.25   
109        1301.05    1301.37    1305.25   
110        1301.69    1301.32    1308.25   
111        1301.27    1301.98    1302.75   
112        1298.95    1299.38    1300.25   
113        1299.86    1301.13    1298.75   
114        1300.26    1300.94    1299.75   
115        1299.63    1301.51    1299.25   
116        1300.04    1299.84    1294.25   
117        1298.82    1298.33    1292.75   
118        10.0       10.0       1292.75   
119        1300.04    1300.76    1296.75   
120        1300.86    1300.82    1305.75   
121        1301.5     1301.73    1305.75   
122        1298.23    1298.48    1292.25   
123        1297.12    1297.43    1301.25   
124        1298.79    1298.59    1305.75   
125        10.0       10.0       1305.75   
126        10.0       10.0       1305.75   
127        10.0       10.0       1305.75   
128        1215.22    1211.37    1211.25   
129        1225.22    1225.51    1223.25   
130        1224.28    1224.86    1216.75   
131        1224.38    1224.32    1221.75   
132        1219.85    1197.75    1212.75   
133        1223.5     1222.66    1216.25   
134        1225.02    1225.74    1229.25   
135        1223.28    1234.18    1230.75   
136        1215.25    1217.86    1230.25   
137        1226.66    1230.37    1231.25   
138        1222.49    1221.99    1218.75   
139        1217.25    1220.66    1232.25   
140        1224.61    1225.28    1222.75   
141        1223.25    1223.25    1208.25   
142        1220.87    1223.81    1230.75   
143        1226.7     1227.33    1222.75   
144        1225.78    1240.25    1225.25   
145        1222.84    1222.85    1215.25   
146        1220.92    1222.15    1216.25   
147        1227.22    1227.05    1223.75   
148        1215.75    1221.7     1230.75   
149        1229.75    1226.67    1214.75   
150        1231.25    1227.64    1216.25   
151        1223.91    1224.87    1230.25   
152        1224.93    1224.91    1232.75   
153        1226.19    1225.67    1226.75   
154        1223.98    1228.63    1237.75   
155        1226.25    1229.75    1214.75   
156        1224.44    1223.57    1223.75   
157        1223.53    1228.75    1213.75   
158        1216.49    1229.75    1231.25   
159        1226.73    1226.2     1221.75   
160        1227.24    1217.92    1213.75   
161        1225.3     1227.94    1234.75   
162        1224.83    1227.68    1223.25   
163        1227.28    1225.25    1231.25   
164        1229.88    1230.23    1231.75   
165        1224.68    1225.31    1224.25   
166        1224.82    1226.32    1220.75   
167        10.0       10.0       1220.75   
168        1226.77    1225.82    1218.75   
169        1224.68    1224.24    1218.25   
170        1223.13    1223.4     1218.25   
171        1224.96    1224.31    1228.75   
172        1223.39    1223.72    1219.25   
173        1222.28    1224.69    1230.75   
174        1224.99    1224.02    1217.75   
175        1250.93    1250.93    1250.75   
176        1227.93    1225.97    1228.75   
177        1224.32    1229.23    1231.75   
178        1224.58    1228.93    1221.75   
179        1227.63    1226.35    1220.25   
180        1227.57    1227.71    1222.25   
181        1223.01    1224.02    1218.25   
182        1224.75    1224.67    1209.75   
183        1224.77    1225.65    1228.25   
184        1223.36    1224.11    1234.25   
185        1224.58    1224.23    1219.25   
186        1223.56    1223.34    1218.75   
187        1223.49    1222.24    1216.75   
188        1219.87    1232.68    1225.25   
189        1222.44    1226.71    1229.25   
190        1220.14    1220.74    1220.25   
191        1224.26    1223.31    1217.75   
192        1224.29    1225.06    1228.75   
193        1224.3     1223.88    1224.75   
194        1223.85    1223.96    1227.75   
195        1223.94    1224.22    1219.25   
196        1226.92    1224.94    1221.75   
197        1227.23    1225.56    1216.75   
198        1224.64    1224.3     1229.25   
199        1224.2     1224.85    1218.25   
200        1224.26    1224.93    1221.75   
201        1224.52    1224.08    1220.75   
202        1224.3     1222.01    1217.25   
203        1223.14    1221.92    1223.75   
204        1225.4     1226.02    1233.25   
205        1224.23    1224.36    1218.75   
206        1225.21    1225.88    1228.75   
207        1223.58    1225.07    1224.75   
208        1224.23    1225.01    1224.75   
209        1222.42    1228.25    1213.25   
210        1224.14    1224.17    1229.25   
211        1226.29    1224.24    1230.25   
212        1222.75    1226.75    1237.75   
213        1224.33    1223.26    1235.25   
214        1219.96    1224.25    1209.25   
215        1224.26    1223.16    1215.75   
216        1225.65    1225.06    1231.75   
217        1225.24    1224.23    1227.25   
218        1226.99    1226.37    1227.25   
219        1222.43    1226.03    1222.75   
220        1223.09    1223.44    1217.25   
221        1225.67    1224.45    1227.75   
222        1224.38    1223.71    1225.75   
223        1001.93    1001.93    1001.75   
224        1224.38    1224.08    1223.25   
225        1223.96    1224.21    1215.75   
226        1223.31    1223.04    1221.25   
227        1224.86    1225.11    1224.25   
228        1224.34    1224.7     1217.25   
229        1223.37    1222.24    1222.25   
230        1222.86    1224.12    1229.75   
231        1222.58    1223.09    1218.75   
232        1224.06    1223.84    1229.25   
233        1224.5     1224.9     1222.75   
234        1222.46    1223.5     1217.75   
235        1221.05    1220.03    1222.25   
236        1222.92    1224.5     1216.75   
237        1222.43    1218.52    1225.25   
238        1222.32    1225.09    1218.75   
239        1222.09    1222.56    1218.75   
240        1225.57    1224.34    1228.75   
241        1224.65    1223.55    1218.75   
242        1222.48    1221.89    1217.25   
243        1223.9     1225.77    1222.25   
244        1224.67    1225.04    1219.25   
245        1224.31    1224.75    1220.75   
246        1224.47    1225.08    1231.75   
247        1225.58    1225.01    1228.75   
248        1224.58    1225.25    1220.75   
249        1222.85    1228.72    1224.75   
250        1223.31    1223.99    1220.75   
251        1222.85    1223.04    1231.25   
252        1226.94    1226.37    1231.75   
253        1224.37    1223.44    1221.75   
254        1223.33    1224.66    1228.25   
255        1224.74    1224.74    1230.25   
256        1226.22    1226.43    1219.75   
257        1229.47    1229.0     1234.25   
258        10.0       10.0       1234.25   
259        1224.89    1226.14    1222.25   
260        1225.28    1223.72    1218.75   
261        1224.88    1224.76    1219.75   
262        1223.29    1222.82    1230.25   
263        1224.32    1224.49    1222.25   
264        1226.07    1224.78    1234.75   
265        1224.05    1224.55    1223.75   
266        1227.49    1224.09    1238.75   
267        1224.01    1225.16    1223.75   
268        1226.26    1224.08    1234.75   
269        1225.72    1224.33    1222.75   
270        1224.73    1225.18    1221.25   
271        1223.41    1224.52    1220.75   
272        1224.78    1225.76    1218.75   
273        1227.18    1227.0     1227.25   
274        1225.28    1226.04    1228.75   
275        1223.36    1222.05    1220.25   
276        1224.38    1224.01    1220.75   
277        1225.46    1224.11    1210.75   
278        1224.71    1225.96    1222.25   
279        1222.46    1226.23    1214.25   
280        1222.77    1222.1     1222.25   
281        1222.73    1224.13    1230.75   
282        1225.31    1225.3     1230.75   
283        1224.6     1224.68    1226.25   
284        1222.57    1224.19    1221.75   
285        1224.33    1224.14    1229.75   
286        1224.49    1225.72    1225.25   
287        1224.87    1225.08    1222.75   
288        1226.02    1226.06    1229.75   
289        1225.57    1226.03    1229.75   
290        1225.63    1226.12    1221.75   
291        1225.0     1225.28    1217.25   
292        1224.23    1223.91    1223.75   
293        1225.88    1225.09    1227.25   
294        1227.02    1226.57    1224.75   
295        1223.38    1223.83    1223.75   
296        1223.69    1223.88    1228.75   
297        1225.47    1225.83    1230.75   
298        1223.09    1222.91    1218.75   
299        1222.25    1223.28    1229.25   
300        1223.78    1224.43    1228.75   
301        1223.14    1223.51    1229.25   
302        1225.46    1225.23    1229.75   
303        1225.63    1223.81    1216.25   
304        1227.26    1227.96    1225.25   
305        1227.86    1226.49    1219.75   
306        1225.48    1227.43    1218.75   
307        1224.37    1224.24    1221.75   
308        1224.61    1224.64    1223.25   
309        1225.99    1226.63    1232.75   
310        1225.15    1225.2     1220.75   
311        1223.76    1223.04    1219.25   
312        1223.01    1224.63    1210.25   
313        1224.27    1224.7     1229.75   
314        1225.03    1226.16    1222.75   
315        1223.66    1224.38    1216.75   
316        1224.57    1223.97    1226.75   
317        1224.27    1226.03    1230.25   
318        1224.24    1224.89    1229.75   
319        1222.52    1224.34    1230.75   
320        1224.03    1221.12    1223.75   
321        1224.47    1224.33    1217.25   
322        1222.84    1223.05    1230.25   
323        1224.38    1223.85    1228.75   
324        1224.76    1225.45    1226.75   
325        1224.89    1224.92    1225.25   
326        1224.79    1224.79    1229.75   
327        1224.02    1222.25    1237.25   
328        1222.98    1221.91    1218.25   
329        1222.55    1222.36    1228.25   
330        1225.16    1225.16    1230.25   
331        1224.65    1225.88    1237.25   
332        1222.84    1222.97    1217.75   
333        1224.81    1224.67    1224.75   
334        1224.12    1223.38    1218.25   
335        1222.8     1223.51    1228.75   
336        1223.76    1223.66    1228.25   
337        1225.08    1225.17    1230.25   
338        1224.28    1224.05    1220.25   
339        1223.97    1223.46    1226.25   
340        1226.77    1226.14    1230.25   
341        1226.09    1226.02    1230.25   
342        1225.27    1226.89    1229.75   
343        1223.11    1223.6     1221.75   
344        1224.45    1225.8     1231.25   
345        1225.31    1224.41    1218.75   
346        1226.45    1225.7     1230.25   
347        1223.85    1224.21    1222.25   
348        1224.74    1225.34    1222.25   
349        1226.17    1224.32    1219.25   
350        1225.78    1224.9     1218.75   
351        1223.58    1224.37    1220.75   
352        1076.93    1076.92    1076.75   
353        1225.6     1223.8     1219.25   
354        1225.94    1225.74    1229.25   
355        1226.09    1226.27    1230.75   
356        1223.8     1223.93    1220.25   
357        1225.2     1225.15    1229.25   
358        1225.85    1225.51    1230.25   
359        1222.98    1222.83    1228.75   
360        1224.2     1223.95    1230.25   
361        1224.55    1222.71    1223.75   
362        1221.78    1224.02    1229.25   
363        1224.33    1223.59    1226.75   
364        1224.91    1224.8     1230.25   
365        1224.59    1224.78    1222.75   
366        1224.46    1224.19    1220.25   
367        1224.37    1224.83    1229.75   
368        1226.37    1226.25    1230.75   
369        1228.15    1227.93    1235.75   
370        1226.25    1225.83    1229.25   
371        1223.76    1224.27    1224.75   
372        1224.81    1225.86    1231.75   
373        1224.82    1224.38    1220.25   
374        1224.22    1224.76    1229.25   
375        1223.45    1223.68    1222.25   
376        1225.33    1225.61    1220.25   
377        1223.79    1223.87    1230.25   
378        1223.27    1224.2     1230.75   
379        1222.15    1221.69    1217.75   
380        1223.78    1224.56    1230.75   
381        1222.55    1222.18    1217.25   
382        1225.08    1225.15    1230.25   
383        1223.17    1223.52    1214.75   
384        1225.03    1223.69    1222.75   
385        1085.93    1085.93    1085.75   
386        1224.25    1229.26    1227.25   
387        1223.62    1223.41    1228.25   
388        1225.3     1225.25    1224.25   
389        1225.25    1226.12    1224.75   
390        1084.93    1084.93    1084.75   
391        1222.19    1222.17    1215.75   
392        1223.76    1223.47    1230.25   
393        1223.17    1222.83    1229.25   
394        1224.33    1225.11    1222.25   
395        1222.3     1222.79    1222.25   
396        1223.16    1223.29    1220.25   
397        1223.12    1224.96    1229.25   
398        1225.93    1225.79    1225.75   
399        1224.05    1223.79    1223.25   
400        1225.26    1223.74    1228.25   
401        1224.09    1224.01    1221.25   
402        1223.24    1223.65    1217.75   
403        1220.55    1224.47    1235.25   
404        1225.3     1224.03    1225.75   
405        1222.46    1223.46    1229.25   
406        1223.87    1223.2     1230.25   
407        1222.62    1223.44    1228.75   
408        1223.4     1223.64    1222.75   
409        1223.1     1222.53    1227.75   
410        1221.57    1221.64    1216.25   
411        1222.59    1223.64    1228.75   
412        1222.58    1223.59    1230.25   
413        1223.42    1223.22    1218.75   
414        1223.33    1222.95    1225.75   
415        1222.46    1223.49    1228.75   
416        1223.72    1224.17    1218.75   
417        1227.08    1227.54    1223.75   
418        10.0       10.0       1223.75   
419        1226.37    1226.98    1223.25   
420        1226.32    1225.25    1229.25   
421        1224.12    1224.28    1229.75   
422        1223.83    1224.01    1230.75   
423        1222.35    1222.23    1216.25   
424        1224.37    1223.64    1219.25   
425        1224.28    1224.0     1218.25   
426        1224.21    1224.8     1228.75   
427        1224.26    1223.98    1227.75   
428        1223.51    1223.54    1223.25   
429        1225.74    1224.48    1227.75   
430        1223.59    1224.24    1230.75   
431        1222.7     1223.49    1231.25   
432        1224.16    1224.07    1228.25   
433        1226.11    1225.88    1229.25   
434        1224.34    1224.82    1230.25   
435        1223.98    1223.35    1223.75   
436        1224.65    1224.8     1231.75   
437        1222.24    1222.61    1217.75   
438        1224.34    1224.33    1231.25   
439        1223.16    1223.27    1218.25   
440        1224.33    1224.11    1225.25   
441        1224.92    1224.83    1229.75   
442        1223.39    1223.03    1225.25   
443        1223.88    1223.41    1227.75   
444        1222.69    1223.78    1220.25   
445        1222.82    1223.17    1228.75   
446        1223.73    1223.75    1225.25   
447        1223.86    1224.26    1223.75   
448        1226.99    1226.78    1232.75   
449        1227.74    1228.89    1223.75   
450        1228.21    1227.94    1232.75   
451        1226.85    1227.03    1229.75   
452        1227.92    1229.27    1242.25   
453        1226.22    1230.13    1226.75   
454        1227.29    1227.48    1232.25   
455        1225.5     1226.24    1227.75   
456        1226.32    1225.8     1220.25   
457        1225.96    1225.73    1226.25   
458        1226.76    1226.61    1222.75   
459        1225.45    1226.35    1222.75   
460        1226.31    1225.51    1230.75   
461        1225.51    1224.87    1227.75   
462        1226.28    1226.12    1231.25   
463        1224.75    1225.37    1222.75   
464        1226.39    1226.44    1228.75   
465        1225.78    1225.37    1222.25   
466        1227.58    1227.39    1232.25   
467        1225.46    1225.29    1230.25   
468        1226.44    1226.39    1223.75   
469        1413.43    1413.43    1413.25   
470        1227.21    1227.82    1232.25   
471        1223.57    1224.49    1230.75   
472        1225.07    1225.02    1230.75   
473        1227.63    1227.53    1232.75   
474        1225.25    1226.0     1240.25   
475        1224.22    1224.73    1231.25   
476        1226.68    1226.85    1228.25   
477        1227.91    1227.99    1227.25   
478        1226.15    1226.02    1231.25   
479        1224.15    1225.0     1232.25   
480        1222.99    1223.2     1218.75   
481        1223.93    1223.56    1230.25   
482        1059.79    1064.51    1061.75   
483        1222.95    1223.05    1217.25   
484        1222.01    1222.27    1216.75   
485        1223.2     1223.14    1225.25   
486        1221.69    1222.53    1224.25   
487        1221.13    1221.58    1220.25   
488        1222.76    1223.16    1215.75   
489        1223.21    1224.22    1221.75   
490        1224.87    1224.38    1217.75   
491        1220.04    1220.24    1215.75   
492        1224.1     1223.64    1227.25   
493        1223.68    1223.59    1228.75   
494        1223.46    1223.65    1229.25   
495        1223.97    1224.09    1224.25   
496        1226.38    1226.17    1230.75   
497        1225.53    1225.57    1231.25   
498        1224.62    1224.75    1221.75   
499        1223.94    1224.06    1223.25   
500        1223.75    1223.76    1228.75   
501        1223.61    1223.19    1217.75   
502        1222.75    1222.8     1229.25   
503        1222.55    1222.82    1221.75   
504        1224.09    1224.69    1230.25   
505        1222.98    1223.17    1228.75   
506        1223.96    1224.27    1220.25   
507        1223.14    1223.31    1228.25   
508        1223.78    1223.27    1226.75   
509        1223.59    1224.1     1221.75   
510        1226.71    1227.3     1232.25   
511        1223.85    1223.57    1219.25   
