1059 1603962
1062 3863384
1071 285325
1072 554254
1075 3362650
1076 2422902
1077 6207692
1079 5733467
1080 1783808
1081 5999002
1082 5974834
1083 5999466
1084 1694802
1085 5915939
1086 5888463
1087 5961246
1088 1598065
1091 1764466
1092 6000271
1093 5631536
1094 4608720
1096 1689370
1099 1646006
1100 3879092
1101 5715397
1103 1670167
1104 6369074
1105 6233300
1106 2287841
1123 1500901
1125 1531331
1126 1500684
1127 639267
1129 1098643
1135 2432258
1136 6655682
1137 2488149
1147 303373
1153 1700679
1154 1696028
1155 6369609
1158 6576506
1159 6534327
1160 7340287
1161 2234758
1163 652073
1198 1659056
1201 6520445
1202 6559958
1203 7486081
1205 7183645
1206 6705991
1207 5829916
1237 2192636
1238 2062709
1240 10183449
1241 9773356
1242 9455403
1243 15190461
1287 13290293
1288 13203833
1289 3210368
1290 11774788
1291 13985959
1292 14171678
1293 3217113
1294 3323460
1295 13276395
1296 1247233
1302 13749780
1303 14027362
1304 13840231
1306 3117399
1307 13235675
1308 13712274
1309 13475055
1310 3036544
1311 14562983
1312 2901761
1313 13992794
1314 13912977
1315 13910011
1316 13899102
1317 3237552
1319 13809992
1320 13837223
1322 13899246
1323 14136770
1324 3339668
1325 13631244
1326 3271174
1327 3105211
1328 9908761
1329 2896095
1330 3136935
1331 13085431
1332 3075603
1334 5327423
1336 12315100
1337 14425980
1338 13928962
1339 3299298
1340 14250941
1341 20164730
1342 2199611
1345 24198815
1362 3492474
1369 257768
1370 708046
1371 5580314
1372 5707194
1373 6001300
1374 6984169
1381 1064940
1382 5577600
1383 5578844
1384 5787347
1385 5601385
1387 214293
1394 12268245
1395 11556461
1396 12235277
1397 9803631
1399 2266133
1400 11783136
1401 11521245
1404 10747037
1405 11598607
1406 1159878
1411 1236734
1412 11155110
1413 11263627
1415 11664164
1416 11680432
1417 1976422
1418 1992529
1420 4246479
1421 11020054
1422 11956704
1423 10690351
1424 11372375
1425 2035841
1426 10686592
1427 10974298
1429 11090919
1430 11494860
1431 1895511
1443 11709036
1444 13027104
1445 11832449
1446 11954184
1448 2154822
1449 8428459
1451 16012918
1452 11143776
1453 11354328
1454 2072161
1455 11025262
1456 10498103
1457 11082644
1458 11222772
1459 2115682
1460 10805780
1461 10770063
1462 11576375
1463 11698958
1465 1755361
1466 11540266
1467 11247919
1468 11050056
1469 2007869
1470 11884269
1471 11434023
1472 11362831
1473 2126439
1474 10909851
1475 9987154
1476 10492746
1477 2092533
1478 8936501
1479 11210058
1480 10437891
1481 2022238
1482 11005410
1484 11056790
1485 11144026
1486 2140146
1487 13425792
1488 11201493
1489 11308922
1490 2014881
1491 11009434
1492 6115938
1495 10218377
1496 763635
1498 8255714
1501 1999480
1506 10818248
1507 11026293
1508 11013989
1509 2009811
1510 10237850
1511 1463012
1512 8643571
1513 7878283
1514 1173283
1515 1947356
1516 6397045
