1059 1500000
1062 3700000
1071 250000
1072 520000
1075 3330000
1076 2390000
1077 6170000
1079 5700000
1080 1750000
1081 5960000
1082 5940000
1083 5960000
1084 1660000
1085 5880000
1086 5850000
1087 5800000
1088 1400000
1091 1601998
1092 5901999
1093 5499999
1094 4494977
1096 1490942
1099 1501833
1100 3699999
1101 5600001
1103 1501351
1104 6206590
1105 6108826
1106 2099999
1123 1300000
1125 1200000
1126 1300000
1127 500000
1129 900000
1135 2100000
1136 5900000
1137 1800000
1147 200000
1153 1300000
1154 1400000
1155 5600000
1158 6200000
1159 6200000
1160 7000000
1161 1800000
1163 500000
1198 1000000
1201 6100000
1202 6400000
1203 7300000
1205 6600000
1206 6600000
1207 5700000
1237 1820000
1238 700000
1240 10110000
1241 9570000
1242 9140000
1243 14920000
1287 10900000
1288 12200000
1289 3100000
1290 10200000
1291 13800000
1292 14000000
1293 3000000
1294 3000000
1295 11800000
1296 1100000
1302 11600000
1303 12600000
1304 13130677
1306 2800000
1307 11600000
1308 11400000
1309 11700000
1310 2600000
1311 13400000
1312 2500000
1313 12300000
1314 13600000
1315 12600000
1316 13000000
1317 2900000
1319 11600000
1320 11900000
1322 11700000
1323 13400000
1324 2800000
1325 12800000
1326 2900000
1327 2800000
1328 6500000
1329 1800000
1330 2600000
1331 11900000
1332 2300000
1334 3000000
1336 10700000
1337 12600000
1338 12000000
1339 3100000
1340 11700000
1341 16900000
1342 1700000
1345 22600000
1362 3000000
1369 100000
1370 200000
1371 5100000
1372 5500000
1373 5400000
1374 6200000
1381 700000
1382 4900000
1383 5400000
1384 5100000
1385 4900000
1387 100000
1394 10300000
1395 9300000
1396 9600000
1397 8500000
1399 1900000
1400 8800000
1401 10300000
1404 10100000
1405 9700000
1406 1000000
1411 1000000
1412 8700000
1413 8800000
1415 9600000
1416 9300000
1417 1300000
1418 1800000
1420 3200000
1421 9000000
1422 10500000
1423 8300000
1424 9300000
1425 1600000
1426 8400000
1427 9500000
1429 10200000
1430 10000000
1431 1200000
1443 11200000
1444 11300000
1445 11300000
1446 10400000
1448 1500000
1449 7000000
1451 13500000
1452 9500000
1453 8700000
1454 1600000
1455 9000000
1456 8700000
1457 9700000
1458 9600000
1459 1400000
1460 8900000
1461 8600000
1462 10600000
1463 10300000
1465 1500000
1466 9900000
1467 9800000
1468 7800000
1469 1400000
1470 10000000
1471 10500000
1472 11200000
1473 1500000
1474 8600000
1475 8200000
1476 9000000
1477 1000000
1478 6800000
1479 10100000
1480 8600000
1481 1100000
1482 9400000
1484 6400000
1485 10300000
1486 1400000
1487 10200000
1488 5300000
1489 3200000
1490 1500000
1491 3600000
1492 500000
1495 3600000
1496 600000
1498 7600000
1501 1800000
1506 4300000
1507 9500000
1508 8100000
1509 800000
1510 7700000
1511 1300000
1512 6300000
1513 1300000
1514 800000
1515 1600000
1516 5300000
