793 1094035
794 1339484
795 2023671
796 914953
847 2576436
849 3113852
850 3529364
851 3251076
852 3655929
853 1959089
854 1756766
855 2018446
889 4055712
890 3546362
893 3053719
894 3178362
895 2861652
896 3100050
916 6642948
918 6164626
919 6616263
923 8461253
924 7395465
925 7250491
926 7077717
927 10679446
928 7264607
929 6310784
932 7465393
933 6932392
934 7090839
935 7101671
946 7301990
947 7350737
948 7260297
949 7304392
950 7216272
951 6716237
952 6611595
953 7069198
955 6592418
956 6647562
957 6539284
958 7062706
960 8420245
961 7123256
962 7605532
965 7027799
966 7271451
967 6959284
968 7704597
969 7613528
970 10800118
971 9000095
972 8567142
973 9300135
974 10213071
975 22531151
976 7553507
977 13000166
978 12476947
979 11834562
982 4200000
983 4484467
987 4514694
1123 1502019
1125 1532382
1126 1501656
1127 639558
1129 1099106
1130 169858
1135 2433369
1137 2488897
1147 303673
1153 1701706
1154 1696974
1155 6370604
1158 6577574
1159 6535319
1160 7341497
1161 2236068
1163 652498
1197 1722004
1198 1660064
1201 6521520
1202 6560953
1203 7487246
1205 7184779
1206 6707110
1207 5830845
1237 2193798
1238 2062980
1240 10184497
1241 9774464
1242 9456433
1287 13291310
1288 13204844
1289 3211411
1290 11775762
1291 13987032
1292 14172779
1293 3217405
1294 3324538
1295 13277394
1296 1247419
1301 5095834
1302 13750835
1303 14028381
1304 13841309
1306 3118402
1307 13236766
1308 13713287
1309 13476070
1310 3036982
1311 14564036
1312 2902824
1313 13993758
1314 13914027
1315 13911041
1316 13900143
1317 3238655
1318 3156089
1319 13811054
1320 13838257
1322 13900237
1323 14137786
1324 3340650
1325 13632327
1326 3272191
1327 3106200
1328 9909729
1329 2897086
1330 3137936
1331 13086332
1332 3076016
1334 5328082
1336 12316132
1337 14427053
1338 13929995
1339 3300302
1340 14252034
1341 20166152
1342 2200614
1345 24200335
1369 258148
1371 5581341
1372 5708158
1373 6002346
1374 6985399
1381 1065987
1382 5578573
1383 5579893
1384 5788346
1385 5602365
1386 202213
1387 214569
1394 12269286
1395 11557472
1396 12236306
1397 9804660
1399 2267153
1400 11784135
1401 11522240
1404 10747993
1405 11599573
1406 1160445
1411 1237174
1412 11156138
1413 11264686
1415 11665189
1416 11681557
1417 1977556
1418 1993474
1420 4246923
1421 11021080
1422 11957747
1423 10691332
1424 11373415
1425 2036811
1426 10687575
1427 10975255
1428 759041
1429 11091952
1430 11495889
1431 1896472
1443 11710002
1444 13028286
1445 11833472
1446 11955276
1448 2155840
1449 8429327
1451 16014376
1452 11144799
1453 11355368
1454 2073168
1455 11026319
1456 10499129
1457 11083678
1458 11223801
1459 2116725
1460 10806783
1461 10771091
1462 11577401
1463 11700018
1465 1756200
1466 11541274
1467 11249008
1468 11051039
1469 2008847
1469 2008847
1470 11885342
1471 11435027
1472 11363928
1473 2127456
1474 10910884
1475 9988190
1476 10493831
1477 2093680
1478 8937525
1479 11211032
1480 10438915
1481 2023398
1482 11006437
1484 11057844
1485 11145010
1486 2141161
1487 13426985
1488 11202515
1489 11310078
1490 2015909
1491 11010591
1492 6116596
1495 10219423
1496 764006
1498 8256595
1501 1999760
1506 10819503
1507 11027639
1508 11015239
1509 2011069
1510 10238989
1511 1463314
1512 8644567
1513 7879343
1514 1174125
1515 1948339
