889    -800.8 -25.8  25.8   -800.6 -25.7  25.7   -805.0 -26.8  27.5  
890    -801.2 -25.7  25.7   -800.7 -25.8  25.8   -804.6 -26.5  27.0  
893    -800.8 -25.8  25.8   -800.5 -25.8  25.8   -803.7 -27.4  28.9  
894    -800.0 -25.9  25.8   -799.6 -25.8  25.8   -803.5 -25.3  25.8  
895    -800.3 -25.8  25.7   -799.7 -25.8  25.8   -804.7 -25.5  25.7  
896    -799.2 -25.7  25.7   -799.2 -25.8  25.8   -805.1 -25.9  25.9  
916    -801.4 -25.6  24.7   -786.5 -25.8  25.8   -788.7 -26.0  26.1  
918    -802.2 -20.3  28.4   -786.2 -25.8  25.8   -788.3 -25.7  25.8  
919    -801.3 -15.1  18.4   -786.8 -25.7  25.7   -788.3 -25.6  25.7  
923    -801.1 -22.7  21.6   -786.7 -25.7  25.7   -788.1 -25.7  25.9  
924    -802.2 -22.1  22.4   -786.7 -25.7  25.7   -788.0 -25.6  25.7  
925    -803.9 -25.6  25.5   -786.6 -25.7  25.7   -788.3 -25.7  25.9  
926    -801.8 -16.5  16.9   -786.0 -25.6  25.6   -788.4 -25.9  26.1  
927    -801.6 -15.1  18.9   -785.8 -25.7  25.7   -787.3 -25.7  26.0  
928    -801.9 -24.6  31.1   -785.7 -25.7  25.7   -787.2 -25.8  26.1  
929    -799.9 -15.0  25.5   -786.2 -25.7  25.7   -787.8 -25.7  25.9  
932    -802.4 -16.3  15.9   -786.1 -25.7  25.7   -787.6 -25.6  25.8  
933    -802.8 -15.3  25.0   -786.2 -25.7  25.7   -787.7 -25.7  25.9  
934    -802.2 -15.1  27.7   -787.4 -25.8  25.8   -788.9 -25.9  26.0  
935    -804.9 -15.0  15.0   -787.0 -25.8  25.8   -788.6 -26.0  26.1  
946    -806.1 -22.2  24.2   -787.5 -25.8  25.8   -789.6 -26.0  26.1  
947    -801.6 -15.4  16.8   -787.4 -25.8  25.8   -789.0 -25.8  25.9  
948    -805.3 -16.0  29.3   -787.5 -25.7  25.7   -789.6 -26.0  26.1  
949    -798.9 -15.0  15.2   -787.3 -25.7  25.7   -789.2 -25.8  26.0  
950    -800.2 -15.2  39.5   -787.1 -25.7  25.6   -788.6 -25.9  26.1  
951    -799.1 -15.0  15.2   -786.6 -25.7  25.7   -787.8 -26.1  26.4  
952    -802.4 -15.1  25.0   -786.4 -25.7  25.7   -787.6 -26.4  26.9  
953    -810.7 -15.0  16.0   -786.5 -25.8  25.7   -787.7 -26.1  26.5  
955    -804.5 -16.7  15.7   -787.7 -25.8  25.8   -788.7 -25.8  26.3  
956    -802.9 -15.1  17.6   -787.9 -25.7  25.7   -788.4 -25.8  26.5  
957    -804.1 -21.3  21.3   -787.7 -25.8  25.7   -787.9 -25.5  26.5  
958    -802.2 -17.1  23.2   -787.5 -25.7  25.7   -787.2 -25.7  26.9  
960    -798.7 -28.3  28.3   -787.6 -25.8  25.8   -787.8 -26.0  26.9  
961    -798.5 -30.7  22.6   -787.9 -25.8  25.7   -787.8 -25.1  26.7  
962    -800.4 -24.8  24.5   -787.8 -25.7  25.7   -787.9 -25.4  26.8  
965    -800.1 -29.6  25.5   -787.6 -25.8  25.7   -787.8 -25.8  27.0  
966    -802.7 -17.4  19.9   -787.6 -25.8  25.7   -788.0 -25.6  26.8  
967    -800.7 -33.9  17.6   -787.6 -25.7  25.7   -788.0 -25.6  27.0  
968    -801.1 -27.2  30.2   -787.2 -25.8  25.8   -787.7 -25.5  26.7  
969    -804.9 -23.1  19.3   -787.0 -25.8  25.7   -787.8 -25.7  26.9  
970    -805.4 -25.8  25.8   -805.1 -26.0  25.9   -811.2 -27.0  27.4  
971    -803.8 -25.8  25.8   -804.2 -25.7  25.6   -805.2 -26.3  28.4  
972    -802.9 -25.7  25.7   -803.2 -25.8  25.8   -805.8 -26.6  28.1  
973    -804.5 -25.7  25.7   -804.9 -25.7  25.6   -806.8 -26.3  28.1  
974    -803.1 -25.8  25.8   -803.3 -25.8  25.7   -804.8 -26.0  28.3  
975    -803.5 -25.7  25.7   -803.8 -25.7  25.6   -809.0 -28.5  30.0  
976    -802.3 -25.8  25.8   -802.9 -25.7  25.7   -802.7 -25.6  28.5  
977    -800.0 -25.6  25.6   -800.5 -25.7  25.6   -800.2 -24.9  28.1  
978    -800.2 -25.7  25.6   -800.4 -25.7  25.7   -800.2 -24.8  28.1  
979    -799.8 -25.7  25.7   -800.1 -25.8  25.8   -799.2 -24.6  28.0  
