889   8     -3    25    20   
890   -8    0     25    20   
893   13    0     30    20   
894   -13   0     30    20   
895   15    0     35    20   
896   -15   0     30    20   
916   8     -4    25    15   
918   -7    -4    20    10   
919   7     -4    25    10   
923   -4    -4    15    10   
924   6     -4    15    10   
925   -6    -4    15    10   
926   6     -4    15    10   
927   -6    -4    15    10   
928   6     -4    15    10   
929   -6    -4    15    10   
932   6     -4    15    10   
933   -6    -4    15    10   
934   6     -4    15    10   
935   -6    -4    15    10   
946   6     -4    15    10   
947   -6    -4    15    10   
948   6     -4    15    10   
949   -6    -4    15    10   
950   8     -4    17    10   
951   -6    -4    15    10   
952   7     -4    15    10   
953   -7    -4    15    10   
955   6     -2    15    10   
956   -7    -2    15    10   
957   7     -2    15    10   
958   -7    -2    15    10   
960   6     -2    15    10   
961   -8    -2    15    10   
962   6     0     15    10   
965   -6    0     15    12   
966   6     0     15    15   
967   -7    0     15    15   
968   6     0     15    15   
969   -6    3     15    15   
970   -2    0     30    20   
971   -3    0     30    20   
972   0     2     40    20   
973   0     2     25    20   
974   0     5     25    25   
975   0     5     25    25   
976   0     5     40    25   
977   0     -3    25    20   
978   0     -2    25    20   
979   0     -1    25    20   
