        2110.42        243.531
        2148.27        194.482
        2107.63        128.571
        2105.36        132.085
        2108.09        180.098
        2101.04        148.792
        2113.26        201.651
        2124.57        215.233
        2091.04        163.527
        2110.06        211.976
         2126.9        179.204
        2112.45        155.626
        2123.97        151.711
        2117.04        114.146
        2122.74        148.008
        2110.14        150.715
        2138.12        172.809
        2130.93        154.681
        2110.92        206.574
        2118.31        146.467
        2030.02        343.233
        2060.42         296.38
        2121.65        212.412
        2162.55        213.942
        2143.84        147.719
        2143.23        173.062
        2091.58        158.794
        2110.44        192.117
        2185.84        301.955
        2153.31        239.578
        2077.43        276.236
        2098.25        116.592
        2098.52        91.1027
        2079.87        113.951
        2100.01        90.2928
        2092.08        105.798
        2104.18         107.06
        2113.16        128.573
        2104.22        149.199
        2087.66        199.783
        2098.76        169.754
        2116.44        137.395
        2113.15        118.011
        2107.42        160.086
        2106.42        94.9983
        2113.47        125.336
        2111.32        140.132
        2102.49        146.563
        2099.53        124.184
        2107.28         103.22
        2101.74        152.758
        2093.41         138.23
        2098.97        186.097
        2087.12        115.883
        2105.15        99.7091
        2104.36        124.762
        2099.46        94.8608
         2104.6         136.52
        2095.13        119.475
        2100.07        187.353
        2104.94        169.358
        2098.42        155.819
        2088.15        83.8689
        2082.64        133.233
        2101.85        178.072
        2100.82        130.385
        2107.75        100.854
        2102.47        117.406
           2097        147.955
        2113.13        146.831
        2105.99        118.456
        2112.22        125.068
        2101.79        138.878
        2093.46        167.234
        2108.58        111.023
        2102.11        193.398
        2095.21        186.381
         2112.5        113.976
        2109.27        102.269
         2107.9        107.247
         2109.6        127.068
        2099.71         167.05
        2103.17        128.407
        2106.74         117.13
        2101.32        89.7191
        2090.45        111.109
        2084.12        101.909
        2091.08        109.472
        2090.34        121.003
        2123.75        139.366
        2083.83        274.523
        2102.44        145.971
         2088.7        111.757
        2095.48         98.157
        2084.94        177.368
        2083.52        119.294
        2108.68        128.223
         2077.6        181.796
        2099.53        125.518
        2098.63        114.816
        2106.73        102.124
        2103.24        120.304
        2110.07        118.809
        2107.18        109.211
        2108.65        112.332
        2109.06          124.7
        2113.01        113.109
        2107.14        101.459
        2101.47         131.99
        2085.74        188.605
        2096.42          136.5
        2106.64        104.612
         2106.4        101.994
        2096.97        101.087
        2108.23        86.9861
        2102.83        97.5832
        2093.55        102.424
        2098.69        105.264
         2112.5        106.727
        2095.41        141.995
        2136.77         220.83
        2101.02        89.6078
         2095.2        88.1315
        2110.83         89.947
        2104.42        103.289
        2106.65        79.9445
        2102.45        90.1846
        2102.78        105.201
        2106.27        85.7609
        2102.59        105.367
        2102.19        86.5501
        2111.76         91.052
        2114.55        89.0128
        2108.08        102.945
        2107.25        123.079
         2111.8        89.7522
        2107.62        90.0316
        2099.09        129.537
        2105.47        139.233
         2106.9        127.543
        2110.83        117.062
        2094.22        143.052
        2108.89        114.538
        2098.75        102.213
         2097.9        137.945
        2077.41         176.05
        2094.63        120.107
        2089.35        140.622
         2100.7        141.383
        2094.51        238.433
        2116.31        166.739
        2087.97        92.6864
        2091.23        90.6927
        2099.73        100.776
        2058.45        181.819
        2108.22        103.268
        2093.56        130.455
        2106.76         95.393
        2108.21        90.3845
        2103.51        106.849
        2111.62        102.368
        2111.53        104.576
        2109.35        85.7923
        2110.45         90.971
        2107.54        117.552
         2112.4        102.417
        2108.63        116.171
        2101.97         117.26
        2095.23        137.056
        2110.11        93.6941
        2108.89        99.0804
        2107.33        101.825
        2106.92        101.682
        2102.56        133.817
        2109.76        104.235
        2094.59        116.661
        2096.49        119.408
        2089.87        144.368
         2100.2        130.007
        2109.74        195.048
        2112.22        184.129
        2103.55        96.3896
        2111.48        89.9172
        2097.58        156.763
        2105.52        134.556
         2113.2        101.031
              0              0
              0              0
              0              0
              0              0
              0              0
              0              0
              0              0
              0              0
              0              0
              0              0
              0              0
              0              0
              0              0
              0              0
              0              0
              0              0
              0              0
              0              0
        2112.61        104.594
        2108.42        95.1377
        2070.55        179.289
        2097.02        157.389
        2107.22        135.607
        2137.41        207.077
        2097.94        106.442
        2112.68        107.244
        2101.86        147.034
        2090.67        162.681
        2100.72        165.173
        2101.71        107.259
              0              0
              0              0
              0              0
              0              0
              0              0
              0              0
              0              0
              0              0
              0              0
              0              0
              0              0
              0              0
              0              0
              0              0
              0              0
              0              0
              0              0
              0              0
        2096.55        124.638
        2104.34        111.496
        2111.91        120.305
        2105.33         118.41
        2102.54         122.16
        2128.86        168.338
        2122.16        116.213
        2100.48        108.969
        2101.44        149.801
        2102.38         92.301
         2100.8        94.9727
        2115.79        99.0423
              0              0
              0              0
              0              0
              0              0
              0              0
              0              0
              0              0
              0              0
              0              0
              0              0
              0              0
              0              0
              0              0
              0              0
              0              0
              0              0
              0              0
              0              0
        2103.72        91.0278
         2105.3        95.2854
        2109.15        109.656
        2099.09         122.54
        2056.39          211.3
         2101.3        261.084
         2110.8        148.446
        2109.93        90.9444
        2102.57        111.127
        2103.66        88.7644
        2109.32        87.9106
        2107.24        93.6194
              0              0
              0              0
              0              0
              0              0
              0              0
              0              0
              0              0
              0              0
              0              0
              0              0
              0              0
              0              0
              0              0
              0              0
              0              0
              0              0
              0              0
              0              0
        2109.01        110.216
        2099.66        153.507
        2089.43        195.582
        2102.58        134.457
        2102.73         119.37
        2120.84        182.072
         2121.1        153.787
         2117.8        95.5564
        2104.54          82.96
         2101.5        74.9474
        2107.63        78.7723
        2112.04        84.8243
              0              0
              0              0
              0              0
              0              0
              0              0
              0              0
              0              0
              0              0
              0              0
              0              0
              0              0
              0              0
              0              0
              0              0
              0              0
              0              0
              0              0
              0              0
        2105.03        151.159
        2096.19        189.491
        2101.93        146.408
        2111.13        132.299
        2104.28        147.875
        2114.56        236.289
        2114.39          164.8
        2109.64        88.4142
        2111.91        83.3837
        2107.68        71.7383
        2111.32        78.8078
        2108.49        84.8675
              0              0
              0              0
              0              0
              0              0
              0              0
              0              0
              0              0
              0              0
              0              0
              0              0
              0              0
              0              0
              0              0
              0              0
              0              0
              0              0
              0              0
              0              0
        2108.42        114.271
        2113.22        138.848
        2109.04        123.341
        2105.62         118.08
        2116.49        149.212
        2125.61        213.729
        2114.97        140.738
        2110.72        107.199
        2110.19        89.1853
        2108.56        88.3044
        2113.26        78.5345
        2112.03        82.9081
              0              0
              0              0
              0              0
              0              0
              0              0
              0              0
              0              0
              0              0
              0              0
              0              0
              0              0
              0              0
              0              0
              0              0
              0              0
              0              0
              0              0
              0              0
        2112.05        105.077
        2114.33         99.849
        2113.61        102.399
        2113.52        117.754
        2097.73        155.467
        2107.44        156.239
        2110.75        128.451
        2102.98        98.7718
        2105.19        99.5479
        2111.51        88.0029
         2110.8        86.0174
        2112.26        85.4549
              0              0
              0              0
              0              0
              0              0
              0              0
              0              0
              0              0
              0              0
              0              0
              0              0
              0              0
              0              0
              0              0
              0              0
              0              0
              0              0
              0              0
              0              0
        2102.57        157.063
        2108.65        137.074
        2099.88         111.04
        2110.95        109.589
        2111.43        139.008
        2112.62        233.845
        2122.47         155.75
        2116.11        90.3716
        2109.09          90.92
         2109.5        84.6889
        2106.47        116.528
        2116.44        81.7089
              0              0
              0              0
              0              0
              0              0
              0              0
              0              0
              0              0
              0              0
              0              0
              0              0
              0              0
              0              0
              0              0
              0              0
              0              0
              0              0
              0              0
              0              0
        2112.44        129.373
        2106.93        185.226
        2107.44        135.522
        2110.72        126.284
         2109.6         135.74
        2135.96        156.654
         2110.1        116.824
        2112.71        80.0466
        2110.02        83.3271
        2106.23        91.0594
        2116.34        81.5215
        2112.12        85.8318
              0              0
              0              0
              0              0
              0              0
              0              0
              0              0
              0              0
              0              0
              0              0
              0              0
              0              0
              0              0
              0              0
              0              0
              0              0
              0              0
              0              0
              0              0
        2116.66        145.008
        2099.96        166.122
        2112.15        106.756
        2090.58        169.459
        2112.99        134.735
        2123.77        159.283
           2130        163.045
        2104.64        101.449
        2111.06        76.2277
        2112.77        85.4691
        2113.23        81.0004
         2115.7        70.9884
              0              0
              0              0
              0              0
              0              0
              0              0
              0              0
              0              0
              0              0
              0              0
              0              0
              0              0
              0              0
              0              0
              0              0
              0              0
              0              0
              0              0
              0              0
        2110.93        129.916
        2114.37        104.154
        2110.57        109.456
        2117.42        126.343
        2108.51         118.01
        2113.38        154.598
        2130.71         186.07
        2097.71        137.187
        2106.36        97.3543
        2109.29        105.394
        2111.89        97.0961
        2113.69        87.3642
              0              0
              0              0
              0              0
              0              0
              0              0
              0              0
              0              0
              0              0
              0              0
              0              0
              0              0
              0              0
              0              0
              0              0
              0              0
              0              0
              0              0
              0              0
        2110.63        127.521
        2111.75        103.547
        2106.44        124.006
        2103.82        147.807
        2106.23        137.846
        2121.52        177.604
         2096.7        178.845
        2113.33        111.426
        2114.43        121.442
        2107.21        141.934
        2121.06        111.548
        2113.74        101.977
              0              0
              0              0
              0              0
              0              0
              0              0
              0              0
              0              0
              0              0
              0              0
              0              0
              0              0
              0              0
              0              0
              0              0
              0              0
              0              0
              0              0
              0              0
        2110.46        132.266
        2102.28        138.811
        2116.41        130.411
        2092.74        124.712
        2116.36        111.906
        2123.01        164.441
        2105.57         155.58
        2111.27        97.7334
        2117.34        96.6353
         2113.5        88.9381
        2115.26        88.2872
        2111.95        94.8215
              0              0
              0              0
              0              0
              0              0
              0              0
              0              0
              0              0
              0              0
              0              0
              0              0
              0              0
              0              0
              0              0
              0              0
              0              0
              0              0
              0              0
              0              0
        2103.17        122.702
        2112.44        124.381
        2114.87        143.779
        2099.27        204.179
        2067.17        233.809
        2110.61        204.999
        2093.09        215.406
        2092.49        151.013
        2105.82        88.8473
        2120.18        102.433
        2100.35        140.191
         2105.7        137.864
              0              0
              0              0
              0              0
              0              0
              0              0
              0              0
              0              0
              0              0
              0              0
              0              0
              0              0
              0              0
              0              0
              0              0
              0              0
              0              0
              0              0
              0              0
         2101.8         117.55
        2100.42        141.063
        2093.23        142.064
        2097.94        141.614
        2102.57        176.114
        2098.96        210.553
        2104.31        149.878
         2094.7        106.353
        2100.65        126.309
         2063.2        193.747
        2114.57        114.586
        2106.39        96.8279
              0              0
              0              0
              0              0
              0              0
              0              0
              0              0
              0              0
              0              0
              0              0
              0              0
              0              0
              0              0
              0              0
              0              0
              0              0
              0              0
              0              0
              0              0
        2100.79        130.227
        2110.81         109.76
        2110.66         105.78
        2119.81        120.561
         2109.8        163.033
        2121.27        222.051
        2123.72        127.074
        2102.32        94.0269
        2109.15        117.058
        2105.54        95.0343
        2111.36        75.2822
        2112.07        81.3344
              0              0
              0              0
              0              0
              0              0
              0              0
              0              0
              0              0
              0              0
              0              0
              0              0
              0              0
              0              0
              0              0
              0              0
              0              0
              0              0
              0              0
              0              0
        2094.81        207.324
        2109.58        123.007
        2095.94        186.856
        2108.24        145.246
        2109.71        138.642
        2090.12        202.129
        2111.24        144.221
        2109.35        97.0962
        2108.89        92.1768
        2104.28        87.0991
        2110.44        96.1828
        2100.53        102.868
              0              0
              0              0
              0              0
              0              0
              0              0
              0              0
              0              0
              0              0
              0              0
              0              0
              0              0
              0              0
              0              0
              0              0
              0              0
              0              0
              0              0
              0              0
        2114.62        148.299
         2074.4        192.975
        2096.24        128.527
        2094.11        142.848
        2089.38        140.706
        2085.53        167.804
        2113.68        156.998
        2098.12        89.5703
        2100.75        98.4934
        2100.61        94.0473
        2094.52        105.558
        2105.67        95.5273
        2104.62        88.8739
        2100.42        92.7328
        2111.22        91.0409
         2114.7         82.364
         2113.1        76.8955
        2110.49        68.4451
        2115.49        82.4468
        2114.33        84.2105
           2113        77.6575
        2111.16        86.8065
        2110.96         110.09
        2112.92        86.7969
        2112.35        85.0294
        2111.84        81.3604
        2109.83        68.9603
        2112.01        74.7571
        2116.38        76.5167
        2102.51        98.6851
        2101.34        119.367
        2099.91        107.583
        2105.01        100.186
        2097.94        95.7907
        2104.24        86.6025
        2098.79        134.838
         2117.1         157.16
        2086.42        111.208
         2092.1        88.3629
        2106.45        94.9835
        2103.47        90.7295
        2104.74        87.9176
         2095.1        116.654
        2104.01        87.8971
        2104.82        88.8447
        2101.31        97.8835
        2111.43        88.6186
        2111.18        84.5241
        2109.49        113.814
        2112.99        88.0659
        2111.89        85.5585
        2115.17        79.4641
        2113.15        107.038
        2109.07        88.9297
        2111.97        77.0183
        2114.12        79.5881
        2109.97        74.6682
        2106.84        77.6382
        2106.72        76.8472
        2109.46        99.4703
              0              0
        2119.68        145.454
        2098.82        108.894
        2093.71        93.2052
        2102.25        95.6982
        2108.13        111.642
        2115.55        126.753
        2099.46        88.2274
        2098.73        81.9371
        2099.99        84.3876
        2102.26         89.411
        2101.21        92.8148
         2094.1        107.068
        2101.69        79.4099
        2104.24        97.9561
        2109.18        93.1335
        2109.05        80.5839
        2115.06        74.9079
        2103.78         96.386
        2109.34        90.5987
        2109.99        87.3189
        2108.04         91.097
        2112.11        87.2512
        2114.72        81.7007
        2114.53        78.8947
        2111.94         87.747
        2106.72        84.7174
        2107.16        85.1709
        2108.15        87.9204
        2093.56        96.0989
        2122.83        90.0351
         2113.3        89.9004
        2091.94        107.549
        2093.69        82.6326
        2107.46        91.4459
        2131.05        146.475
         2107.3        160.193
        2110.26        89.6197
        2095.64        89.3738
        2091.37        77.9598
        2106.35        68.4383
         2113.9         88.459
        2104.04        101.922
        2113.15        74.6961
        2106.04        92.3327
         2107.8        83.2511
         2105.4        87.7397
        2110.25        97.5651
        2108.51        94.9307
        2109.82        112.571
        2105.17        88.4189
        2113.03        93.5459
        2110.67        89.7512
        2108.19        108.715
        2110.72        91.3758
         2109.8        78.7301
        2106.93        91.7722
        2104.46        83.4483
        2111.16        116.282
        2103.08        88.9406
        2099.46        92.9789
        2105.83        88.4291
         2101.7        75.8905
        2100.38        89.7369
        2102.61        94.0071
        2199.24         205.14
        2096.65        175.042
        2100.17        116.295
        2092.69         94.124
        2089.36        87.1425
        2103.11        93.0217
        2103.99        91.8653
        2108.71        91.1174
        2110.86        86.9507
           2106        108.595
        2111.05        101.647
        2111.44        105.597
        2110.13        90.0467
        2112.08        88.9149
        2105.33        108.373
        2112.62        94.5777
        2108.38        107.636
        2112.28        89.4618
        2103.25        135.731
        2116.96        101.094
        2114.12        86.6725
        2102.58        106.366
        2096.02        114.364
        2104.93         133.36
         2099.6          115.3
        2116.95         131.37
        2108.48        128.951
        2111.41        112.725
        2109.85        127.404
        2087.91        180.642
           2134        240.924
        2032.24        331.727
        2113.08        160.388
        2090.47        180.865
        2115.21        146.601
         2105.3        165.236
        2112.42         113.48
        2148.03         143.25
        2145.45        154.932
        2121.31        132.694
        2137.22        213.087
        2128.11        162.256
        2138.69        183.073
        2124.56         126.88
        2135.85        167.994
        2125.11        148.053
        2123.63         189.67
        2118.63        114.197
        2131.83         148.03
        2123.71        134.606
        2148.99        135.832
        2133.21        154.424
        2110.03        170.354
        2100.47         172.48
        2125.74        150.506
        2134.64        204.953
         2040.2        186.593
        2138.13        174.982
        2098.12        155.493
        2111.83        134.152
              0              0
              0              0
              0              0
              0              0
              0              0
              0              0
              0              0
              0              0
              0              0
              0              0
              0              0
              0              0
              0              0
              0              0
              0              0
              0              0
              0              0
              0              0
              0              0
              0              0
              0              0
              0              0
              0              0
              0              0
              0              0
              0              0
              0              0
              0              0
              0              0
              0              0
              0              0
              0              0
              0              0
              0              0
              0              0
              0              0
              0              0
              0              0
              0              0
              0              0
              0              0
              0              0
              0              0
              0              0
              0              0
              0              0
              0              0
              0              0
              0              0
              0              0
              0              0
              0              0
              0              0
              0              0
              0              0
              0              0
              0              0
              0              0
              0              0
              0              0
              0              0
              0              0
              0              0
              0              0
              0              0
              0              0
              0              0
              0              0
              0              0
              0              0
              0              0
              0              0
              0              0
              0              0
              0              0
              0              0
              0              0
              0              0
              0              0
              0              0
              0              0
              0              0
              0              0
              0              0
              0              0
              0              0
              0              0
              0              0
              0              0
              0              0
              0              0
              0              0
              0              0
              0              0
              0              0
              0              0
              0              0
              0              0
              0              0
              0              0
              0              0
         2105.6        48.0398
        2103.12        50.6509
        2116.39        41.0038
        2113.82         41.297
           2119        43.7289
        2117.94        40.7811
        2115.69        47.5298
        2115.84        50.6195
        2123.81        44.3165
        2122.54        39.4804
        2121.33        40.8129
        2118.27        42.4911
        2120.82        45.1882
        2121.16        46.3676
        2120.53        43.3043
        2120.68        43.9925
        2121.47        43.7521
        2119.12        42.8991
        2119.48        47.1962
         2122.6        44.0643
        2120.79        45.3009
        2121.67        44.7202
        2123.16        43.2296
        2120.57        44.0067
        2117.17        43.1913
        2117.87        43.9805
         2116.5        42.3681
        2116.72        40.6227
        2113.57        42.5326
        2114.92        42.0648
        2116.26        37.3679
        2116.45        36.1914
        2116.18        41.7159
        2110.26        46.7807
        2116.04        38.0766
        2118.74        31.7899
        2118.17        30.6614
        2115.81        40.2192
        2116.64        40.9773
        2119.29        39.8317
         2118.1        42.5809
        2122.55        38.4427
        2120.34        37.7158
        2124.34        37.6398
        2124.68        35.0211
        2123.64        36.8519
        2123.74        37.3419
         2124.7        38.6942
        2122.81         42.891
        2125.93        35.8557
        2124.37        35.5038
        2123.98          41.51
        2124.56        39.0929
        2125.71        36.4508
        2123.98         37.935
        2124.83        37.7418
        2124.69         37.214
         2122.7        35.8849
        2123.16        35.0577
        2120.11        38.7452
        2119.96        38.0431
        2119.39        38.6024
        2120.57         38.364
        2121.18        38.8936
        2118.56        34.4124
        2114.71        40.9483
        2117.79        35.1797
        2108.05         44.585
        2114.38        40.5649
         2117.2        31.2536
        2120.56        31.2181
        2120.75        36.3024
        2121.59        37.6076
        2123.44        36.1048
        2122.42        36.5772
        2125.32           36.3
        2125.05        35.1866
        2127.07         34.177
        2127.98        36.6343
        2126.37        36.7102
        2128.46        39.4008
         2125.7        37.0416
        2127.43         35.853
        2127.12        37.9241
        2128.04         38.222
        2128.07        35.7415
        2126.17        37.3033
        2126.61         39.918
        2125.61        35.6508
        2127.08        37.4995
        2126.24        38.7069
        2126.05        36.6979
        2123.78        36.8318
        2125.24        36.0119
        2122.41        38.3309
         2123.6        39.8937
        2122.75        38.1399
        2122.89        36.1398
        2117.27        37.7337
        2118.86        36.6013
        2119.28        34.0476
        2113.87        39.7207
        2115.52        38.3438
        2120.11        34.3273
           2121        36.8909
        2122.31        33.7706
        2123.01        37.4294
        2126.37        34.3541
        2123.73         36.677
        2125.83         34.702
        2127.24        37.1221
        2126.79        36.1957
        2128.37        38.4248
        2128.71        36.9386
        2127.99        38.9547
         2129.1        35.7942
        2128.43        35.9356
        2128.33        38.2922
        2129.42        36.2074
        2129.03        34.3815
        2127.91        38.6507
         2128.2        35.8363
         2128.3        36.5642
        2127.44        38.6344
         2127.9        38.4712
        2126.66        38.3214
        2125.73        36.0634
        2125.14         36.934
        2124.77        37.8431
         2123.8        38.2877
        2125.58        37.6818
        2123.24        32.5947
        2120.77        35.5559
        2120.57        39.3174
        2117.93        40.1763
        2117.96         42.529
        2116.42        40.5011
        2119.96         33.824
         2118.8        38.6052
        2125.66        35.8376
        2124.87        35.9283
        2124.83        36.6135
        2124.99        38.2725
        2126.13        38.4353
        2128.11        38.3422
        2127.76        33.9582
        2129.82        35.6368
        2128.52        38.3597
        2128.45        37.4319
        2129.81        36.8465
        2129.41         35.298
        2128.63        37.6609
         2129.6        36.8365
        2129.85        36.3772
        2129.85        34.1707
        2129.87        38.2842
        2129.39          38.26
        2128.27        37.0141
        2128.96        38.4087
        2128.25        38.5776
        2128.41        36.8538
        2127.16        35.9541
        2126.79         36.125
        2126.49        36.2398
        2126.02        36.8914
        2124.16         38.954
        2124.77        35.9564
        2121.68        32.7849
        2118.72        33.9052
        2109.55         45.815
        2110.85        53.8281
        2120.36        38.6448
        2117.51        41.8744
        2122.73        37.4679
        2125.78        33.1748
        2126.53        39.1797
        2127.09        38.0152
        2127.91        36.2907
        2128.96         37.568
        2128.75        36.0674
        2129.29        35.9659
        2129.35        37.1957
        2130.38        37.0804
        2130.59        39.0013
        2130.86        37.1971
        2129.77        37.6433
        2131.09        37.9177
        2130.96        37.3121
         2129.9        37.7489
        2130.14        38.6223
        2130.56        35.0234
        2130.23        35.9477
        2130.01        36.1234
        2129.25        40.1055
        2129.51         38.533
        2128.44        35.4622
        2128.58        35.7473
        2127.13        39.2511
        2126.76         34.999
        2125.47        34.1739
        2122.28        36.2244
        2125.23        33.5196
        2119.54        36.1681
         2114.6        43.6935
        2116.26        48.4563
        2124.45        37.4825
        2121.16        33.7407
        2126.34        35.0042
        2126.32        38.1281
        2125.89        39.6834
        2127.22        37.6636
        2129.06        38.1515
        2130.25        38.1705
        2129.49        36.3583
        2129.56        36.5149
        2130.97        37.1243
        2129.76        39.3017
        2130.82        38.5571
        2131.35        37.5661
        2131.05        37.3247
        2131.56        34.9721
        2130.71        37.7119
        2131.14        37.2311
        2131.22        38.0069
        2131.19        35.5548
        2131.24        37.4335
        2129.98        38.7745
        2130.15        36.6594
        2130.11        35.1528
        2129.38        38.6149
        2128.59        35.5794
         2128.9        37.8324
        2124.52         41.455
         2125.1        39.7316
        2125.06        34.8986
         2121.8        41.1246
        2120.13        38.0827
        2119.77        39.3469
        2117.18        43.7683
        2120.26        39.9872
         2124.4        37.1587
        2124.05        41.3406
        2127.23        36.1483
        2128.05        38.5618
        2128.25        37.5219
        2129.18        36.5597
        2130.42         35.745
        2130.48        35.9241
        2130.89        37.4129
        2131.41        37.7926
        2131.92        36.7422
        2132.05        37.5562
        2132.95        39.0192
        2132.29        35.5955
        2131.75        36.2163
        2132.03        37.0025
        2131.79        35.9221
        2132.44        36.8345
        2132.07        37.9389
        2131.16        36.8474
        2131.49        33.8639
        2130.68        34.6929
        2130.39        39.0503
        2130.35        36.9687
        2129.36         34.306
        2128.76        37.7689
        2128.33        39.0077
        2126.15        35.6271
        2124.09        35.5096
        2124.34        42.7544
        2119.73        38.7289
        2117.55        43.6856
        2113.04        45.6828
        2122.12         40.292
        2125.65         36.774
        2126.31        35.2132
        2128.21        36.8218
        2129.13        36.7582
        2129.98        37.3628
        2130.52        36.2646
         2131.3        35.4234
        2131.44        35.2578
         2131.9        33.3943
        2132.48        36.0763
        2132.29        36.4398
        2132.46        38.7635
        2132.31        37.2337
        2132.18         38.101
        2133.25         35.718
        2132.97        36.0516
         2132.7        37.4345
        2132.48        38.2781
        2132.39        36.2483
        2131.93        38.5076
        2131.91        35.7094
        2131.54        35.8165
        2131.07         36.644
        2130.83        36.7572
        2129.93        34.7778
        2129.42        34.7627
        2127.36        37.4529
        2126.56        40.9883
        2125.36        39.6028
        2124.85        39.1061
        2122.63        44.7973
        2115.47        52.5503
        2121.65         40.876
        2124.28        35.1945
        2125.85        35.0546
        2128.44        34.7408
        2128.18        37.9761
         2129.5        38.9206
        2130.04        38.3384
        2131.03        38.4269
        2130.67        36.3992
        2132.03        35.9299
        2132.34        36.2261
        2132.11        38.1849
        2132.69        37.7501
        2133.04        38.2311
        2133.24        37.9552
        2132.76        38.2875
        2133.73        37.8679
        2133.77        36.4237
        2132.83        39.1046
        2133.09        37.6487
        2133.01        37.1014
        2132.72        38.0751
        2132.53         39.457
        2132.02        37.6974
        2131.16         41.362
        2130.95        37.5782
        2130.82        37.3871
        2129.95        37.2162
        2128.59        39.5937
        2127.58        38.0495
        2125.83        38.0769
        2123.62        38.0971
        2122.33        38.2826
        2117.16        46.1095
        2122.69        41.4062
        2124.51        38.1514
        2127.55        35.2153
         2127.6        38.5721
        2129.25        37.0745
        2129.17        36.2923
        2130.52        36.6662
        2130.18        39.0052
        2131.03        37.0007
        2131.79        36.2151
        2132.72         37.176
        2133.12        37.6871
        2133.05        36.6695
        2133.65        38.7055
        2133.72         38.155
        2133.25        40.7477
         2133.9        39.4383
        2134.26        37.4354
        2133.18        40.4373
           2134        36.3432
        2133.54        38.1736
        2133.28        39.8313
        2132.95        37.8282
         2132.4        37.6712
        2131.63        38.9357
        2131.62        37.7626
        2130.91        37.3251
        2130.01         38.909
        2129.09        38.2133
         2129.4         38.081
         2127.6        37.4083
        2126.24        39.0569
        2124.52        35.8676
        2119.33        44.2957
        2122.29        42.0252
        2125.59        36.0733
        2126.18        37.8441
        2127.14        38.5646
        2128.69         38.143
        2129.15        36.6646
        2131.37        37.5294
        2131.39        40.8166
        2132.28        38.0256
        2132.86        36.5284
        2132.47        38.1226
        2133.15        38.6934
        2133.93        38.5981
        2133.83        37.5858
        2134.17        39.0587
           2134        37.9834
        2134.32        38.1846
        2134.64        38.2921
        2133.82        39.3235
        2134.13        37.8336
        2133.94        37.6043
        2133.78         38.584
        2133.41        38.2827
        2132.75        38.4887
        2131.72        39.4357
         2131.7        39.3437
        2131.33        38.9718
        2131.41         39.704
        2129.85        35.7961
        2128.92        37.9952
        2127.22        39.9004
        2125.68        36.0352
        2123.21        36.5037
        2120.72        42.3961
        2116.68         45.966
         2125.4        38.5278
        2126.76        36.3082
         2128.8        38.8573
         2128.7        35.7971
        2130.24        36.9958
        2130.57        36.6987
        2131.86        39.8399
        2132.08         39.806
        2133.11        37.3558
        2133.11         37.688
        2133.86        37.8085
        2133.83        39.4201
        2134.21         39.734
        2134.62        37.1385
        2134.72        38.0287
        2135.08        38.2871
        2134.89        39.0136
        2134.35        42.5451
        2134.67        40.3423
        2134.47        38.4171
        2134.22        38.3962
        2133.84        38.2224
        2133.15        39.5539
         2132.3        39.7415
        2132.11        42.2248
        2131.55        39.8048
        2131.03        40.8696
        2129.68        38.1248
        2129.39        37.6461
        2128.02        37.9008
        2125.81         36.878
        2122.47        38.0902
        2120.72        44.6293
        2118.36        46.5599
        2125.09         37.656
        2125.05        39.7044
        2127.98        39.1014
        2129.03        37.4133
        2130.24         36.171
        2131.09        37.9786
        2132.21        38.8734
        2132.67        38.5952
        2133.06        37.3841
        2133.92        39.9635
        2134.21        38.7556
        2134.53        36.9081
        2134.91        37.1857
         2135.2        37.1093
        2134.99        37.7011
        2135.46        38.2775
        2135.43         38.941
        2135.21        39.7647
        2135.16        38.8902
        2134.68        39.3486
        2134.48        37.6606
        2133.69        38.5319
        2133.63        40.3796
        2132.69        42.2025
        2132.38        38.9008
        2132.18        38.1952
        2130.85        39.2687
         2130.7        37.8285
        2128.97         38.128
        2128.83        35.6645
        2127.28          36.93
        2126.68        36.9633
        2119.56        43.6048
        2120.07        44.6735
        2124.57        36.0076
        2128.21        39.4899
        2128.33        36.7078
        2129.61        36.7635
        2130.67        37.2083
        2131.14        37.5154
        2131.82        36.6112
        2132.71        37.4076
        2133.29        37.1804
        2133.72        38.7403
        2134.45        38.6025
        2134.86        38.4389
        2135.03        38.2954
        2135.51        38.8284
        2134.53        39.1693
        2133.29        39.4117
        2133.06        39.2432
        2134.28        39.7442
         2135.5        37.6612
        2135.11        38.3118
        2134.69        36.8776
        2134.27        37.1405
        2133.76          40.38
        2133.21        41.6569
        2132.42        39.7068
        2132.68        40.3698
        2131.72        37.3932
        2130.15        37.9478
        2129.59        38.9235
        2127.89        42.1338
        2126.31        39.4418
        2123.79        44.2509
         2115.8        45.7373
        2120.68        47.7547
        2123.94        38.4796
        2125.99        36.3793
        2128.81          35.54
        2129.88        36.2525
        2131.05         38.233
        2131.49        37.0755
        2131.68        39.4703
        2133.32        38.8256
        2133.43         36.877
        2133.86        38.3455
        2134.44        37.9491
        2135.16        36.2358
        2135.62        37.8403
        2135.21         37.159
        2131.38        48.8513
        2134.25        49.1531
        2175.00        55.0508
        2133.45        42.1829
        2134.92        36.9506
        2135.52        39.5532
        2135.17        38.4647
        2134.53        38.1705
        2133.98        39.3239
        2133.12         40.585
        2131.94        41.5148
        2131.99        40.4699
        2131.42        39.3115
        2130.95        38.1306
        2128.17        43.9823
        2127.35        40.9584
        2125.73        40.2826
        2123.49        42.8402
        2122.22        48.6542
         2120.2        44.1902
           2124        37.0222
        2125.36        37.9381
        2129.17        35.8115
        2129.82        36.6939
        2130.96        38.7297
        2132.17        36.9936
        2132.61        35.6846
         2132.7        39.6959
        2133.45        36.0716
        2134.09        38.3043
        2134.68        37.8408
         2135.3        35.9841
        2135.69        35.5592
        2133.38        37.8119
              0              0
              0              0
              0              0
        2128.73         44.644
        2133.51        37.5559
         2135.7        37.6608
        2134.65        39.8692
        2134.64        37.9338
        2134.03        38.5587
        2133.43        38.6324
        2131.89        41.4886
           2131        40.6904
        2131.37        41.9703
        2130.71        39.3687
        2129.36          39.33
        2128.17        41.8226
        2127.05         36.319
        2124.04         40.391
        2121.19        43.5729
        2120.44        51.1254
        2124.86        40.4218
        2126.59        36.8446
        2128.62        36.8452
        2129.96        37.4637
        2131.34        35.1345
        2132.33        34.9325
        2132.65        37.2367
        2132.98        37.1641
         2133.8        37.2224
        2133.89        38.4663
        2134.56         37.535
         2135.1        36.5789
        2135.72        35.5787
        2133.53        38.1545
        2109.61        43.3028
              0              0
              0              0
        2139.12        61.5127
        2133.97        38.0209
        2135.86        37.2413
        2134.91        38.7277
        2134.62        38.6381
        2133.74        39.9382
        2132.75        40.3344
         2132.3        41.3152
        2131.67        41.8891
        2131.32        39.2904
        2130.75        37.7423
        2129.35        40.3068
        2126.22        40.4121
        2126.48        40.8273
        2122.73        36.2503
        2122.75        42.5959
        2120.19        53.5276
        2124.59        38.8475
        2126.62        35.8225
        2128.32        35.2767
        2129.27        35.3877
         2130.8        35.4344
        2131.84        34.9368
        2132.27        37.6831
        2133.25        36.9644
        2133.64        37.9279
        2134.34        37.8031
        2134.57        38.7668
        2134.82        37.2129
        2135.58        36.7082
        2135.34        37.4035
        2119.18         48.135
              0              0
        2126.99        41.4188
        2133.67         45.989
        2134.97        38.9917
        2135.39        39.0846
        2134.81         37.755
        2134.58        37.5982
        2134.34        37.9794
        2133.14        41.0628
        2132.41        44.4505
        2130.87        43.3338
        2131.16        41.2138
        2131.64         36.775
         2129.3        41.8802
        2127.87          40.68
        2124.54          39.16
        2123.49        40.7663
        2120.47        41.6456
        2121.09        48.2726
        2124.85        41.8562
        2127.32        39.4691
        2128.94        41.1639
        2130.56        35.3775
        2130.85        35.4697
         2131.6        35.4352
        2131.83        37.7224
        2133.48        37.6781
        2133.59        36.0196
        2133.87        36.6824
        2134.67        36.0074
        2134.73        35.7796
        2135.08         36.739
        2135.71        36.8539
        2135.07         37.117
        2134.11        37.3609
        2132.95        39.0469
        2134.12        40.3932
        2135.33        40.0026
        2135.03        38.8388
        2134.85         37.768
        2134.52        37.7055
        2133.92        37.3942
         2133.5        36.5951
        2132.77        37.6314
        2131.99        36.2201
        2132.12        37.8365
        2130.01        37.3743
        2129.32        39.4355
        2127.09        39.8851
        2127.28        38.8613
        2123.72        40.4011
        2118.33        46.0279
        2121.87        47.1232
        2126.27        38.3728
        2127.54         35.903
        2127.66        39.4703
        2129.98        36.2626
        2130.14        36.6537
        2131.77         37.061
        2131.96        37.4039
        2132.62        38.1719
        2133.33        36.3104
        2133.71        36.8261
        2134.09         37.367
        2134.45        37.3145
        2134.98         37.361
        2135.53        36.7283
        2135.04        36.3314
        2135.62        39.0565
        2135.67        38.1052
        2135.25        39.0678
        2135.25         37.158
        2134.81        37.7935
        2134.42        38.4513
        2134.33        38.0781
        2133.56        37.5249
        2133.51        37.8911
        2132.82        37.1521
         2132.4        37.4148
        2130.93        38.8774
        2130.89        35.4024
        2129.63        37.7932
         2128.6        38.2148
        2127.56        41.7945
        2125.56        36.4603
        2122.96        38.4315
        2120.41        46.2931
        2125.56        36.4175
        2126.35        37.5786
        2128.15        35.5496
         2129.1        39.0817
        2130.48        37.7015
         2131.2        35.8237
        2131.73        37.3072
        2132.06        35.9981
        2133.08        35.0608
         2133.4        36.9035
        2134.01         38.273
        2134.13        36.6232
        2134.52        37.2236
        2134.83        37.7046
        2134.83        36.9028
        2135.14        37.3088
        2135.35        37.6212
        2134.63        39.2569
        2135.06        38.5578
        2134.58        39.6432
        2133.84        37.9547
        2134.33        39.3666
        2133.72        36.3582
        2133.22         36.605
        2132.46        38.3502
        2131.58        38.1965
        2130.84         37.399
        2129.95        37.2781
        2128.65        37.8975
         2128.1        38.4978
        2127.69        36.5345
         2123.9        36.8013
        2119.33        46.4513
        2120.33        45.2062
        2126.14        34.1389
        2126.41        36.3257
        2128.29        35.1058
        2127.13        39.9971
        2130.09        32.8919
        2130.76         34.834
        2131.67        35.5288
        2131.86        38.8226
        2132.46         37.829
        2132.99        37.9869
         2133.4        40.0985
         2133.8        37.1225
        2134.13         35.852
        2134.49        36.2514
        2134.24        36.0629
        2134.68        37.8177
        2134.62        35.7935
        2133.65         38.127
        2134.06         38.974
        2133.96          40.36
        2134.19        38.2686
        2133.43        35.9109
        2133.18        37.0973
        2132.17        36.9066
        2132.43        37.1405
        2131.12        36.3388
        2130.54        36.8557
        2129.96        37.7468
        2127.76        39.5789
        2128.24        40.5335
        2125.24        36.5135
        2123.96        36.9116
        2118.19         43.509
        2121.87        40.5322
        2122.92        38.4332
        2125.99        37.1551
        2127.66        34.8268
        2129.51        35.0581
        2129.99        36.4585
        2130.63        35.6038
        2130.52        36.8828
        2131.74        38.2931
        2131.99        36.0191
        2132.53        36.6891
        2132.97        39.0094
        2133.29        37.5503
        2133.73        35.6944
         2133.6        37.4436
        2133.69        36.7135
        2133.96        37.6761
        2133.98        40.1283
        2134.11        48.7951
        2133.81        41.3284
        2133.54        39.9855
        2133.47        38.9378
        2133.17        37.2783
        2132.42        38.9325
        2132.02        38.9246
        2132.37        37.2546
        2130.42        37.5088
        2129.31        41.2371
        2129.43        40.5881
        2128.36        38.9471
        2125.55        42.3576
        2124.85        33.3909
        2124.51        36.2144
        2120.25        43.3562
        2119.29        38.0739
        2121.21        37.8997
        2124.58        40.5332
        2127.07         36.542
        2127.96         38.303
         2129.9        36.4872
        2129.37        37.6581
        2129.85        41.2591
        2130.94        38.3464
        2131.94        35.9288
        2132.18        38.3697
        2132.84        39.2274
        2132.93        39.0034
        2133.11        37.4043
        2133.45        39.5747
        2132.82        37.8188
        2133.34        37.8444
        2135.47        50.6721
              0              0
        2134.06        52.9856
        2133.53        38.8519
        2133.15        38.6838
        2132.62        37.2627
        2132.14         37.631
        2131.44        39.2347
        2131.08        39.4995
        2130.32        39.3606
        2128.97        41.7824
        2129.04        38.7245
        2127.82        36.9342
        2126.44        39.0185
        2124.25        37.6115
        2122.44        39.3842
        2119.56        44.0916
        2119.96        35.5039
        2121.05        40.3705
        2125.68        37.6902
        2126.76        36.4205
        2126.08        38.2604
        2127.52        42.7366
        2131.76        54.7496
        2129.95        42.8954
        2130.65         37.572
        2131.15        36.3845
        2131.47        38.9736
        2132.37        38.5995
        2131.96        39.4122
        2132.08        38.4219
         2132.3        43.0586
        2132.47        38.3518
        2132.86        38.7985
        2133.46         43.744
        2132.36        50.5736
        2132.59         41.014
        2132.96        40.7892
        2132.22        39.0155
        2131.49        39.0561
        2131.04        37.9978
        2131.03        37.3694
        2131.94        36.1612
        2128.91        39.3293
        2129.21        37.9616
        2129.52        35.0898
        2126.71        38.0969
        2126.56        40.8835
        2124.48         39.766
        2124.06        33.5051
        2115.86        44.3506
        2118.54        42.4448
        2121.79        35.3417
           2125        33.6747
        2125.05        37.3518
        2126.63        37.5518
        2129.87         51.923
              0              0
        2130.08        45.5652
        2129.78        37.4659
        2130.79        34.6561
        2130.58        36.9194
         2131.3        36.5598
        2131.53        41.4513
        2132.21        36.3174
         2132.1        36.9886
        2131.67        40.3566
        2132.27        38.1654
        2131.84        39.0519
        2131.64        38.7607
        2132.44        37.0805
        2132.19        36.5745
        2131.56        41.2662
        2130.93        37.6021
        2131.15        38.8721
        2130.52        37.4454
        2129.95        37.3007
        2129.22         37.699
        2129.07        37.8619
        2127.34        37.2145
        2125.62        39.8502
        2126.98        35.1596
        2122.78        37.6376
        2121.31        35.9491
        2119.36        40.6099
         2113.8        46.8788
         2123.7        36.2246
        2123.03        37.8838
        2126.79        36.8687
        2126.91        38.5791
        2128.69        38.1298
        2129.63        51.1353
         2127.8        43.1569
        2129.62        38.0165
        2129.67        38.1355
        2130.58        36.0072
        2130.95        36.4601
        2130.71        37.8407
        2131.75        37.0112
        2131.88        35.8287
        2131.27        37.9514
        2131.26        38.9173
        2132.55         35.825
        2130.33        40.4538
        2132.28        37.2067
         2131.5        34.1987
        2131.19        37.5873
         2131.3        39.3997
        2130.06        38.0445
        2129.95        38.9694
         2129.4        40.7375
        2128.32        36.6214
        2127.97        37.5365
        2126.63        35.1052
        2126.25         39.448
         2127.3        40.6533
        2122.48        35.9306
        2119.06        39.6347
        2116.57        43.6341
        2120.16        38.0617
        2118.01        37.5705
        2120.22        37.6362
        2125.47        35.1497
        2126.84         35.271
        2126.49        38.0363
        2127.69        37.6251
         2127.6        36.6348
        2128.83        34.6384
        2128.85        35.9777
        2129.92        36.2027
         2129.5        36.3508
        2130.47        36.7909
        2130.48        36.8879
        2131.77        37.0868
        2129.93        36.1122
        2130.34        39.1848
        2130.89          38.05
        2130.58        37.1546
        2131.12        37.5398
        2130.03        36.2557
        2129.61        37.4869
        2130.47        37.6406
         2128.7        39.1324
        2128.69        36.4198
        2129.26        38.9811
        2127.25        40.1852
        2126.91        39.6176
         2125.9        39.1176
         2125.4        37.6418
        2124.98        38.8452
        2122.33        37.3941
         2118.2        37.8212
         2112.4        45.8776
        2120.09        40.3298
        2119.79        29.1262
        2121.04        37.2765
        2125.08        35.2063
        2126.02        36.2666
         2126.1        37.3235
        2126.85        37.1584
        2126.23        36.2042
        2126.96        37.1949
        2128.83        33.1111
        2127.94          39.88
        2129.69         35.508
        2129.58        37.8798
        2130.61        35.1112
        2130.37        35.7705
         2129.8        36.9603
        2130.63        39.5984
        2129.97        38.2397
        2128.92          39.59
        2129.43        39.2377
        2127.65        40.7553
        2129.15        39.2929
        2129.37        41.5508
        2129.53        35.6108
         2129.3        36.4348
        2128.58        37.3173
        2126.99         36.255
        2126.22        38.5067
        2125.55        38.7004
        2125.97        34.7559
        2123.97        36.9073
        2123.61        36.1197
        2117.72        39.5465
        2117.78        37.9018
        2114.76        45.9033
        2120.54        34.4542
        2121.25        34.1787
        2122.47        34.0368
         2121.6        37.3567
        2123.96        36.3383
        2125.56        37.4047
        2126.26        35.1482
        2125.45        37.1919
        2128.08         38.547
        2127.55         36.311
        2129.08         35.372
           2128        37.3852
        2128.01        34.8344
        2129.31         33.932
        2127.53        36.6181
        2128.25        39.9011
         2129.1        36.9816
        2128.96        35.9087
        2128.29        36.9829
        2128.07        37.4494
        2128.01        34.6747
        2127.54        35.4753
        2125.89        40.6862
        2127.41        36.9296
        2126.76        37.6679
        2128.22        35.4523
        2125.48        37.0483
        2122.66        39.4421
        2126.53        35.8681
         2122.7        41.0811
        2121.76        35.4104
         2118.6        40.0624
        2119.42        43.6405
        2116.54        37.2189
        2117.09        39.4332
        2118.78        39.2323
         2122.1        32.7934
        2122.57        35.7517
        2122.94        37.0293
        2122.99         36.796
        2124.15        36.2134
        2122.56        39.6705
        2124.87        36.2926
        2126.59        34.4772
        2126.78        38.1452
         2126.2        37.4009
        2125.94        37.5853
        2126.93        38.9515
        2127.83        37.7387
        2126.71         39.221
        2126.13        37.1505
         2126.7        37.2496
        2126.89        37.3878
        2127.34         36.471
        2125.65        36.9404
        2126.48        37.2432
        2125.19        41.7493
        2127.52        37.6791
        2124.62        36.4723
        2123.99        40.3838
         2124.5         37.343
        2122.39        36.9012
        2121.79        33.3617
        2121.48        35.5355
        2116.79        39.1887
        2119.17        39.7108
        2113.08        45.2059
        2115.21        39.1683
        2117.59        38.0662
        2118.05        35.3399
        2120.77        38.6194
        2116.55        37.7494
        2120.74        36.0373
        2120.35         38.558
        2121.99        37.6384
        2118.79        41.4406
         2123.9        36.9861
        2123.05        34.0262
        2124.18        36.6287
        2126.03        39.6211
        2128.39        39.1355
         2126.2        36.7569
        2123.62        37.8584
        2124.92         37.453
        2124.24        39.7288
        2124.35        39.0942
        2124.58        37.6117
        2125.45        36.7976
        2124.23        39.4983
        2123.91        38.1109
        2125.11        35.2088
         2124.4        37.4216
        2125.47        36.5425
        2123.05        35.8449
        2117.85        63.9373
        2123.55        37.0258
        2118.82        35.4551
        2119.81        37.1924
        2116.67         34.945
        2113.47        38.9002
        2108.19        47.5204
        2111.67         42.399
        2114.49        39.6107
        2113.83        43.3294
        2116.69        41.5361
        2116.16        43.1426
        2116.65        41.8372
        2116.79        40.6365
        2116.09         46.092
        2116.32        43.5598
        2118.21        42.2855
         2117.3        41.3912
        2121.86        44.2643
        2123.97        44.3261
        2121.02        46.0785
        2120.52        45.5927
        2119.93        45.3756
        2120.92        50.0249
         2121.2         46.224
        2118.78        50.2957
        2117.26        54.2082
        2119.66        45.7997
        2119.06           42.4
        2117.83        48.0485
        2117.71         45.833
        2122.74        41.9171
        2119.34         39.759
        2113.13        49.0097
        2121.02        38.7007
        2116.45        45.4288
        2117.21        37.8337
        2112.91         44.872
        2112.21        40.9864
        2108.28        42.5114
        2099.62        63.1143
